This is the orbit for the dt value of 0.001 and power 2

Radius		X Velocity	Y Velocity	X Position	Y Position
1.000000	0.000000	6.283185	1.000000	0.000000
1.000000	-0.039478	6.283185	0.999961	0.006283
0.999980	-0.078958	6.282937	0.999882	0.012566
0.999961	-0.118436	6.282441	0.999763	0.018849
0.999941	-0.157912	6.281697	0.999605	0.025130
0.999921	-0.197384	6.280705	0.999408	0.031411
0.999901	-0.236851	6.279464	0.999171	0.037690
0.999882	-0.276311	6.277976	0.998895	0.043968
0.999862	-0.315762	6.276239	0.998579	0.050245
0.999842	-0.355203	6.274255	0.998224	0.056519
0.999822	-0.394632	6.272022	0.997829	0.062791
0.999803	-0.434048	6.269542	0.997395	0.069060
0.999783	-0.473449	6.266814	0.996922	0.075327
0.999763	-0.512834	6.263838	0.996409	0.081591
0.999744	-0.552201	6.260614	0.995857	0.087852
0.999724	-0.591549	6.257143	0.995265	0.094109
0.999704	-0.630875	6.253424	0.994634	0.100362
0.999685	-0.670179	6.249459	0.993964	0.106612
0.999665	-0.709458	6.245245	0.993254	0.112857
0.999646	-0.748712	6.240785	0.992506	0.119098
0.999626	-0.787939	6.236078	0.991718	0.125334
0.999606	-0.827136	6.231124	0.990891	0.131565
0.999587	-0.866304	6.225924	0.990024	0.137791
0.999567	-0.905439	6.220477	0.989119	0.144011
0.999548	-0.944541	6.214784	0.988174	0.150226
0.999528	-0.983608	6.208845	0.987191	0.156435
0.999509	-1.022638	6.202660	0.986168	0.162638
0.999489	-1.061630	6.196229	0.985107	0.168834
0.999470	-1.100582	6.189554	0.984006	0.175023
0.999450	-1.139494	6.182633	0.982866	0.181206
0.999431	-1.178362	6.175467	0.981688	0.187382
0.999412	-1.217186	6.168056	0.980471	0.193550
0.999392	-1.255964	6.160401	0.979215	0.199710
0.999373	-1.294695	6.152502	0.977920	0.205863
0.999353	-1.333376	6.144359	0.976587	0.212007
0.999334	-1.372008	6.135973	0.975215	0.218143
0.999315	-1.410587	6.127343	0.973804	0.224270
0.999296	-1.449112	6.118470	0.972355	0.230389
0.999276	-1.487583	6.109355	0.970868	0.236498
0.999257	-1.525997	6.099998	0.969342	0.242598
0.999238	-1.564352	6.090398	0.967777	0.248688
0.999219	-1.602648	6.080558	0.966175	0.254769
0.999200	-1.640883	6.070476	0.964534	0.260839
0.999181	-1.679055	6.060153	0.962855	0.266900
0.999162	-1.717163	6.049589	0.961137	0.272949
0.999143	-1.755205	6.038786	0.959382	0.278988
0.999124	-1.793179	6.027743	0.957589	0.285016
0.999105	-1.831085	6.016461	0.955758	0.291032
0.999086	-1.868921	6.004940	0.953889	0.297037
0.999067	-1.906684	5.993180	0.951982	0.303030
0.999048	-1.944374	5.981183	0.950038	0.309011
0.999030	-1.981990	5.968948	0.948056	0.314980
0.999011	-2.019529	5.956476	0.946037	0.320937
0.998992	-2.056990	5.943768	0.943980	0.326881
0.998974	-2.094372	5.930823	0.941885	0.332811
0.998955	-2.131673	5.917643	0.939753	0.338729
0.998936	-2.168891	5.904228	0.937585	0.344633
0.998918	-2.206026	5.890578	0.935379	0.350524
0.998899	-2.243076	5.876694	0.933135	0.356401
0.998881	-2.280038	5.862577	0.930855	0.362263
0.998863	-2.316913	5.848226	0.928539	0.368111
0.998844	-2.353697	5.833643	0.926185	0.373945
0.998826	-2.390391	5.818828	0.923794	0.379764
0.998808	-2.426991	5.803782	0.921367	0.385568
0.998789	-2.463498	5.788505	0.918904	0.391356
0.998771	-2.499909	5.772998	0.916404	0.397129
0.998753	-2.536223	5.757261	0.913868	0.402886
0.998735	-2.572438	5.741295	0.911295	0.408628
0.998717	-2.608553	5.725101	0.908687	0.414353
0.998699	-2.644567	5.708679	0.906042	0.420062
0.998681	-2.680478	5.692030	0.903362	0.425754
0.998663	-2.716285	5.675154	0.900646	0.431429
0.998646	-2.751986	5.658053	0.897894	0.437087
0.998628	-2.787579	5.640726	0.895106	0.442727
0.998610	-2.823065	5.623175	0.892283	0.448351
0.998593	-2.858440	5.605399	0.889424	0.453956
0.998575	-2.893703	5.587401	0.886531	0.459543
0.998557	-2.928854	5.569180	0.883602	0.465113
0.998540	-2.963890	5.550738	0.880638	0.470663
0.998523	-2.998811	5.532074	0.877639	0.476195
0.998505	-3.033615	5.513190	0.874606	0.481709
0.998488	-3.068300	5.494087	0.871537	0.487203
0.998471	-3.102865	5.474764	0.868434	0.492678
0.998454	-3.137309	5.455223	0.865297	0.498133
0.998436	-3.171630	5.435465	0.862125	0.503568
0.998419	-3.205828	5.415491	0.858920	0.508984
0.998402	-3.239900	5.395300	0.855680	0.514379
0.998385	-3.273845	5.374895	0.852406	0.519754
0.998369	-3.307661	5.354275	0.849098	0.525108
0.998352	-3.341349	5.333442	0.845757	0.530442
0.998335	-3.374905	5.312396	0.842382	0.535754
0.998318	-3.408330	5.291138	0.838974	0.541045
0.998302	-3.441620	5.269669	0.835532	0.546315
0.998285	-3.474776	5.247990	0.832057	0.551563
0.998269	-3.507795	5.226102	0.828549	0.556789
0.998253	-3.540677	5.204005	0.825009	0.561993
0.998236	-3.573420	5.181701	0.821435	0.567175
0.998220	-3.606023	5.159189	0.817829	0.572334
0.998204	-3.638484	5.136472	0.814191	0.577470
0.998188	-3.670803	5.113550	0.810520	0.582584
0.998172	-3.702977	5.090424	0.806817	0.587674
0.998156	-3.735006	5.067095	0.803082	0.592741
0.998140	-3.766888	5.043563	0.799315	0.597785
0.998124	-3.798622	5.019831	0.795517	0.602805
0.998108	-3.830206	4.995897	0.791686	0.607801
0.998093	-3.861640	4.971764	0.787825	0.612772
0.998077	-3.892922	4.947433	0.783932	0.617720
0.998062	-3.924051	4.922904	0.780008	0.622643
0.998046	-3.955026	4.898178	0.776053	0.627541
0.998031	-3.985845	4.873257	0.772067	0.632414
0.998015	-4.016507	4.848141	0.768050	0.637262
0.998000	-4.047011	4.822832	0.764003	0.642085
0.997985	-4.077356	4.797329	0.759926	0.646882
0.997970	-4.107540	4.771635	0.755818	0.651654
0.997955	-4.137563	4.745750	0.751681	0.656400
0.997940	-4.167422	4.719676	0.747513	0.661120
0.997926	-4.197117	4.693413	0.743316	0.665813
0.997911	-4.226647	4.666962	0.739090	0.670480
0.997896	-4.256010	4.640325	0.734834	0.675120
0.997882	-4.285205	4.613502	0.730548	0.679734
0.997867	-4.314231	4.586495	0.726234	0.684320
0.997853	-4.343087	4.559304	0.721891	0.688880
0.997839	-4.371772	4.531931	0.717519	0.693411
0.997824	-4.400284	4.504377	0.713119	0.697916
0.997810	-4.428623	4.476643	0.708690	0.702392
0.997796	-4.456786	4.448729	0.704234	0.706841
0.997782	-4.484774	4.420638	0.699749	0.711262
0.997768	-4.512585	4.392370	0.695236	0.715654
0.997755	-4.540217	4.363925	0.690696	0.720018
0.997741	-4.567671	4.335307	0.686128	0.724353
0.997728	-4.594943	4.306515	0.681534	0.728660
0.997714	-4.622035	4.277550	0.676911	0.732938
0.997701	-4.648943	4.248414	0.672263	0.737186
0.997687	-4.675668	4.219109	0.667587	0.741405
0.997674	-4.702208	4.189634	0.662885	0.745595
0.997661	-4.728562	4.159991	0.658156	0.749755
0.997648	-4.754729	4.130183	0.653401	0.753885
0.997635	-4.780709	4.100208	0.648621	0.757985
0.997622	-4.806499	4.070070	0.643814	0.762055
0.997609	-4.832099	4.039768	0.638982	0.766095
0.997597	-4.857507	4.009305	0.634125	0.770104
0.997584	-4.882724	3.978681	0.629242	0.774083
0.997572	-4.907747	3.947898	0.624334	0.778031
0.997559	-4.932576	3.916956	0.619402	0.781948
0.997547	-4.957210	3.885858	0.614444	0.785834
0.997535	-4.981648	3.854604	0.609463	0.789688
0.997523	-5.005888	3.823195	0.604457	0.793511
0.997511	-5.029930	3.791634	0.599427	0.797303
0.997499	-5.053773	3.759920	0.594373	0.801063
0.997487	-5.077415	3.728056	0.589296	0.804791
0.997476	-5.100857	3.696042	0.584195	0.808487
0.997464	-5.124096	3.663880	0.579071	0.812151
0.997453	-5.147133	3.631572	0.573924	0.815782
0.997441	-5.169965	3.599117	0.568754	0.819382
0.997430	-5.192593	3.566519	0.563561	0.822948
0.997419	-5.215014	3.533777	0.558346	0.826482
0.997408	-5.237229	3.500894	0.553109	0.829983
0.997397	-5.259237	3.467870	0.547850	0.833451
0.997386	-5.281035	3.434708	0.542568	0.836885
0.997375	-5.302625	3.401407	0.537266	0.840287
0.997365	-5.324004	3.367970	0.531942	0.843655
0.997354	-5.345171	3.334399	0.526597	0.846989
0.997344	-5.366127	3.300693	0.521231	0.850290
0.997333	-5.386870	3.266855	0.515844	0.853557
0.997323	-5.407399	3.232886	0.510436	0.856790
0.997313	-5.427714	3.198787	0.505009	0.859988
0.997303	-5.447813	3.164560	0.499561	0.863153
0.997293	-5.467696	3.130206	0.494093	0.866283
0.997284	-5.487361	3.095726	0.488606	0.869379
0.997274	-5.506809	3.061122	0.483099	0.872440
0.997264	-5.526039	3.026395	0.477573	0.875466
0.997255	-5.545049	2.991547	0.472028	0.878458
0.997245	-5.563838	2.956579	0.466464	0.881414
0.997236	-5.582407	2.921492	0.460882	0.884336
0.997227	-5.600754	2.886287	0.455281	0.887222
0.997218	-5.618879	2.850967	0.449662	0.890073
0.997209	-5.636780	2.815533	0.444025	0.892889
0.997200	-5.654458	2.779985	0.438371	0.895669
0.997192	-5.671911	2.744326	0.432699	0.898413
0.997183	-5.689138	2.708557	0.427010	0.901122
0.997175	-5.706139	2.672679	0.421304	0.903794
0.997166	-5.722914	2.636693	0.415581	0.906431
0.997158	-5.739461	2.600602	0.409841	0.909032
0.997150	-5.755780	2.564406	0.404085	0.911596
0.997142	-5.771870	2.528108	0.398313	0.914124
0.997134	-5.787731	2.491707	0.392526	0.916616
0.997126	-5.803362	2.455207	0.386722	0.919071
0.997119	-5.818762	2.418608	0.380904	0.921490
0.997111	-5.833930	2.381912	0.375070	0.923872
0.997104	-5.848867	2.345120	0.369221	0.926217
0.997096	-5.863571	2.308234	0.363357	0.928525
0.997089	-5.878041	2.271256	0.357479	0.930796
0.997082	-5.892278	2.234186	0.351587	0.933030
0.997075	-5.906281	2.197026	0.345681	0.935227
0.997068	-5.920049	2.159778	0.339761	0.937387
0.997062	-5.933581	2.122444	0.333827	0.939510
0.997055	-5.946877	2.085024	0.327880	0.941595
0.997049	-5.959936	2.047520	0.321920	0.943642
0.997042	-5.972759	2.009934	0.315947	0.945652
0.997036	-5.985343	1.972267	0.309962	0.947624
0.997030	-5.997690	1.934521	0.303964	0.949559
0.997024	-6.009798	1.896697	0.297955	0.951456
0.997018	-6.021666	1.858797	0.291933	0.953314
0.997012	-6.033295	1.820822	0.285900	0.955135
0.997006	-6.044684	1.782775	0.279855	0.956918
0.997001	-6.055832	1.744655	0.273799	0.958663
0.996995	-6.066740	1.706465	0.267732	0.960369
0.996990	-6.077405	1.668207	0.261655	0.962037
0.996985	-6.087829	1.629882	0.255567	0.963667
0.996980	-6.098010	1.591491	0.249469	0.965259
0.996975	-6.107949	1.553036	0.243361	0.966812
0.996970	-6.117644	1.514519	0.237244	0.968326
0.996965	-6.127096	1.475941	0.231116	0.969802
0.996961	-6.136304	1.437303	0.224980	0.971239
0.996956	-6.145267	1.398608	0.218835	0.972638
0.996952	-6.153986	1.359857	0.212681	0.973998
0.996948	-6.162460	1.321050	0.206518	0.975319
0.996944	-6.170688	1.282191	0.200348	0.976601
0.996940	-6.178670	1.243280	0.194169	0.977844
0.996936	-6.186407	1.204320	0.187983	0.979049
0.996932	-6.193897	1.165310	0.181789	0.980214
0.996929	-6.201140	1.126254	0.175588	0.981340
0.996925	-6.208136	1.087153	0.169380	0.982427
0.996922	-6.214885	1.048008	0.163165	0.983476
0.996919	-6.221387	1.008821	0.156943	0.984484
0.996916	-6.227640	0.969593	0.150716	0.985454
0.996913	-6.233646	0.930326	0.144482	0.986384
0.996910	-6.239403	0.891022	0.138243	0.987275
0.996907	-6.244911	0.851682	0.131998	0.988127
0.996904	-6.250171	0.812308	0.125747	0.988939
0.996902	-6.255182	0.772901	0.119492	0.989712
0.996899	-6.259943	0.733463	0.113232	0.990446
0.996897	-6.264456	0.693996	0.106968	0.991140
0.996895	-6.268718	0.654500	0.100699	0.991794
0.996893	-6.272731	0.614979	0.094426	0.992409
0.996891	-6.276494	0.575432	0.088150	0.992985
0.996890	-6.280006	0.535863	0.081870	0.993520
0.996888	-6.283269	0.496272	0.075587	0.994017
0.996886	-6.286281	0.456660	0.069300	0.994473
0.996885	-6.289042	0.417031	0.063011	0.994890
0.996884	-6.291553	0.377385	0.056720	0.995268
0.996883	-6.293814	0.337724	0.050426	0.995605
0.996882	-6.295823	0.298049	0.044130	0.995904
0.996881	-6.297582	0.258362	0.037833	0.996162
0.996880	-6.299089	0.218664	0.031533	0.996381
0.996879	-6.300346	0.178958	0.025233	0.996559
0.996879	-6.301352	0.139245	0.018932	0.996699
0.996879	-6.302106	0.099526	0.012630	0.996798
0.996878	-6.302609	0.059803	0.006327	0.996858
0.996878	-6.302861	0.020078	0.000024	0.996878
0.996878	-6.302862	-0.019648	-0.006279	0.996858
0.996878	-6.302612	-0.059373	-0.012581	0.996799
0.996879	-6.302111	-0.099096	-0.018883	0.996700
0.996879	-6.301358	-0.138815	-0.025185	0.996561
0.996879	-6.300355	-0.178528	-0.031485	0.996383
0.996880	-6.299100	-0.218235	-0.037784	0.996164
0.996881	-6.297594	-0.257932	-0.044082	0.995907
0.996882	-6.295838	-0.297619	-0.050378	0.995609
0.996883	-6.293830	-0.337294	-0.056671	0.995272
0.996884	-6.291572	-0.376955	-0.062963	0.994895
0.996885	-6.289063	-0.416601	-0.069252	0.994478
0.996886	-6.286303	-0.456231	-0.075538	0.994022
0.996888	-6.283293	-0.495842	-0.081822	0.993526
0.996889	-6.280032	-0.535433	-0.088102	0.992991
0.996891	-6.276522	-0.575003	-0.094378	0.992416
0.996893	-6.272761	-0.614549	-0.100651	0.991801
0.996895	-6.268750	-0.654071	-0.106920	0.991147
0.996897	-6.264489	-0.693566	-0.113184	0.990453
0.996899	-6.259979	-0.733034	-0.119444	0.989720
0.996902	-6.255220	-0.772472	-0.125699	0.988948
0.996904	-6.250211	-0.811879	-0.131950	0.988136
0.996907	-6.244953	-0.851253	-0.138195	0.987285
0.996910	-6.239447	-0.890593	-0.144434	0.986394
0.996913	-6.233691	-0.929897	-0.150668	0.985464
0.996915	-6.227688	-0.969164	-0.156895	0.984495
0.996919	-6.221436	-1.008392	-0.163117	0.983487
0.996922	-6.214937	-1.047579	-0.169332	0.982439
0.996925	-6.208190	-1.086724	-0.175540	0.981352
0.996929	-6.201196	-1.125826	-0.181741	0.980227
0.996932	-6.193954	-1.164882	-0.187935	0.979062
0.996936	-6.186466	-1.203891	-0.194122	0.977858
0.996940	-6.178732	-1.242852	-0.200300	0.976615
0.996944	-6.170751	-1.281763	-0.206471	0.975333
0.996948	-6.162525	-1.320622	-0.212634	0.974013
0.996952	-6.154053	-1.359428	-0.218788	0.972653
0.996956	-6.145337	-1.398180	-0.224933	0.971255
0.996961	-6.136375	-1.436875	-0.231069	0.969818
0.996965	-6.127169	-1.475513	-0.237197	0.968343
0.996970	-6.117720	-1.514091	-0.243314	0.966828
0.996975	-6.108026	-1.552608	-0.249422	0.965276
0.996980	-6.098090	-1.591063	-0.255520	0.963685
0.996985	-6.087910	-1.629454	-0.261608	0.962055
0.996990	-6.077489	-1.667780	-0.267686	0.960388
0.996995	-6.066825	-1.706038	-0.273753	0.958682
0.997001	-6.055920	-1.744228	-0.279809	0.956937
0.997006	-6.044774	-1.782347	-0.285853	0.955155
0.997012	-6.033387	-1.820396	-0.291887	0.953335
0.997018	-6.021760	-1.858370	-0.297908	0.951476
0.997024	-6.009893	-1.896271	-0.303918	0.949580
0.997030	-5.997788	-1.934095	-0.309916	0.947646
0.997036	-5.985443	-1.971841	-0.315902	0.945674
0.997042	-5.972861	-2.009508	-0.321874	0.943664
0.997049	-5.960040	-2.047094	-0.327834	0.941617
0.997055	-5.946983	-2.084598	-0.333781	0.939533
0.997062	-5.933689	-2.122018	-0.339715	0.937411
0.997068	-5.920159	-2.159353	-0.345635	0.935251
0.997075	-5.906393	-2.196601	-0.351542	0.933055
0.997082	-5.892393	-2.233761	-0.357434	0.930821
0.997089	-5.878158	-2.270831	-0.363312	0.928550
0.997096	-5.863689	-2.307810	-0.369176	0.926242
0.997104	-5.848987	-2.344696	-0.375025	0.923898
0.997111	-5.834053	-2.381488	-0.380859	0.921516
0.997119	-5.818886	-2.418184	-0.386678	0.919098
0.997126	-5.803489	-2.454783	-0.392481	0.916643
0.997134	-5.787860	-2.491284	-0.398269	0.914152
0.997142	-5.772002	-2.527684	-0.404041	0.911624
0.997150	-5.755913	-2.563983	-0.409797	0.909060
0.997158	-5.739597	-2.600179	-0.415537	0.906460
0.997166	-5.723052	-2.636271	-0.421260	0.903824
0.997175	-5.706279	-2.672257	-0.426966	0.901152
0.997183	-5.689280	-2.708135	-0.432655	0.898443
0.997192	-5.672055	-2.743905	-0.438327	0.895700
0.997200	-5.654604	-2.779564	-0.443982	0.892920
0.997209	-5.636929	-2.815112	-0.449619	0.890105
0.997218	-5.619030	-2.850547	-0.455238	0.887254
0.997227	-5.600907	-2.885867	-0.460839	0.884368
0.997236	-5.582562	-2.921072	-0.466421	0.881447
0.997245	-5.563996	-2.956159	-0.471985	0.878491
0.997255	-5.545208	-2.991128	-0.477531	0.875500
0.997264	-5.526200	-3.025976	-0.483057	0.872474
0.997274	-5.506973	-3.060703	-0.488564	0.869413
0.997283	-5.487528	-3.095308	-0.494051	0.866318
0.997293	-5.467864	-3.129788	-0.499519	0.863188
0.997303	-5.447983	-3.164142	-0.504967	0.860024
0.997313	-5.427886	-3.198370	-0.510395	0.856826
0.997323	-5.407574	-3.232469	-0.515803	0.853593
0.997333	-5.387047	-3.266439	-0.521190	0.850327
0.997344	-5.366307	-3.300277	-0.526556	0.847027
0.997354	-5.345353	-3.333983	-0.531901	0.843693
0.997365	-5.324188	-3.367556	-0.537226	0.840325
0.997375	-5.302811	-3.400993	-0.542528	0.836924
0.997386	-5.281224	-3.434294	-0.547810	0.833490
0.997397	-5.259428	-3.467457	-0.553069	0.830022
0.997408	-5.237423	-3.500481	-0.558306	0.826522
0.997419	-5.215210	-3.533365	-0.563522	0.822988
0.997430	-5.192791	-3.566107	-0.568714	0.819422
0.997441	-5.170165	-3.598706	-0.573885	0.815824
0.997453	-5.147335	-3.631161	-0.579032	0.812193
0.997464	-5.124301	-3.663470	-0.584156	0.808529
0.997476	-5.101064	-3.695633	-0.589257	0.804833
0.997487	-5.077625	-3.727647	-0.594335	0.801106
0.997499	-5.053985	-3.759512	-0.599389	0.797346
0.997511	-5.030144	-3.791226	-0.604419	0.793555
0.997523	-5.006105	-3.822788	-0.609425	0.789732
0.997535	-4.981867	-3.854197	-0.614407	0.785878
0.997547	-4.957431	-3.885452	-0.619364	0.781993
0.997559	-4.932800	-3.916551	-0.624297	0.778076
0.997572	-4.907973	-3.947493	-0.629205	0.774129
0.997584	-4.882952	-3.978277	-0.634088	0.770150
0.997597	-4.857738	-4.008901	-0.638946	0.766141
0.997609	-4.832332	-4.039365	-0.643778	0.762102
0.997622	-4.806734	-4.069668	-0.648585	0.758032
0.997635	-4.780947	-4.099807	-0.653366	0.753933
0.997648	-4.754970	-4.129782	-0.658121	0.749803
0.997661	-4.728805	-4.159592	-0.662850	0.745643
0.997674	-4.702454	-4.189235	-0.667552	0.741454
0.997687	-4.675916	-4.218710	-0.672228	0.737235
0.997701	-4.649193	-4.248017	-0.676877	0.732987
0.997714	-4.622287	-4.277154	-0.681500	0.728710
0.997727	-4.595199	-4.306119	-0.686095	0.724404
0.997741	-4.567928	-4.334912	-0.690663	0.720069
0.997755	-4.540477	-4.363531	-0.695203	0.715705
0.997768	-4.512847	-4.391976	-0.699716	0.711313
0.997782	-4.485039	-4.420246	-0.704201	0.706893
0.997796	-4.457054	-4.448338	-0.708658	0.702445
0.997810	-4.428892	-4.476252	-0.713087	0.697969
0.997824	-4.400556	-4.503988	-0.717488	0.693465
0.997838	-4.372047	-4.531543	-0.721860	0.688933
0.997853	-4.343364	-4.558917	-0.726203	0.684374
0.997867	-4.314511	-4.586108	-0.730517	0.679788
0.997882	-4.285487	-4.613117	-0.734803	0.675175
0.997896	-4.256294	-4.639940	-0.739059	0.670535
0.997911	-4.226934	-4.666579	-0.743286	0.665868
0.997925	-4.197407	-4.693030	-0.747484	0.661175
0.997940	-4.167714	-4.719295	-0.751651	0.656456
0.997955	-4.137857	-4.745370	-0.755789	0.651711
0.997970	-4.107837	-4.771256	-0.759897	0.646940
0.997985	-4.077656	-4.796951	-0.763975	0.642143
0.998000	-4.047314	-4.822455	-0.768022	0.637320
0.998015	-4.016812	-4.847765	-0.772039	0.632472
0.998031	-3.986152	-4.872882	-0.776025	0.627599
0.998046	-3.955336	-4.897805	-0.779980	0.622702
0.998061	-3.924364	-4.922532	-0.783905	0.617779
0.998077	-3.893237	-4.947062	-0.787798	0.612832
0.998092	-3.861958	-4.971395	-0.791660	0.607861
0.998108	-3.830526	-4.995529	-0.795490	0.602865
0.998124	-3.798944	-5.019463	-0.799289	0.597846
0.998140	-3.767212	-5.043197	-0.803056	0.592802
0.998156	-3.735333	-5.066730	-0.806792	0.587736
0.998172	-3.703307	-5.090061	-0.810495	0.582646
0.998188	-3.671135	-5.113188	-0.814166	0.577533
0.998204	-3.638819	-5.136112	-0.817805	0.572396
0.998220	-3.606361	-5.158830	-0.821411	0.567238
0.998236	-3.573760	-5.181343	-0.824985	0.562056
0.998252	-3.541020	-5.203649	-0.828526	0.556853
0.998269	-3.508140	-5.225747	-0.832034	0.551627
0.998285	-3.475124	-5.247637	-0.835509	0.546379
0.998302	-3.441970	-5.269317	-0.838951	0.541110
0.998318	-3.408682	-5.290787	-0.842360	0.535819
0.998335	-3.375260	-5.312047	-0.845735	0.530507
0.998352	-3.341706	-5.333094	-0.849077	0.525174
0.998368	-3.308022	-5.353929	-0.852385	0.519820
0.998385	-3.274207	-5.374550	-0.855659	0.514445
0.998402	-3.240265	-5.394958	-0.858900	0.509051
0.998419	-3.206195	-5.415150	-0.862106	0.503635
0.998436	-3.172001	-5.435126	-0.865278	0.498200
0.998453	-3.137682	-5.454886	-0.868415	0.492745
0.998471	-3.103241	-5.474428	-0.871519	0.487271
0.998488	-3.068678	-5.493752	-0.874587	0.481777
0.998505	-3.033995	-5.512858	-0.877621	0.476264
0.998522	-2.999194	-5.531743	-0.880621	0.470733
0.998540	-2.964276	-5.550409	-0.883585	0.465182
0.998557	-2.929242	-5.568853	-0.886514	0.459613
0.998575	-2.894094	-5.587076	-0.889408	0.454026
0.998592	-2.858832	-5.605076	-0.892267	0.448421
0.998610	-2.823460	-5.622853	-0.895090	0.442798
0.998628	-2.787977	-5.640406	-0.897878	0.437158
0.998645	-2.752386	-5.657735	-0.900631	0.431500
0.998663	-2.716688	-5.674838	-0.903348	0.425825
0.998681	-2.680883	-5.691716	-0.906028	0.420134
0.998699	-2.644975	-5.708367	-0.908673	0.414425
0.998717	-2.608963	-5.724791	-0.911282	0.408700
0.998735	-2.572850	-5.740987	-0.913855	0.402959
0.998753	-2.536638	-5.756955	-0.916392	0.397203
0.998771	-2.500326	-5.772694	-0.918892	0.391430
0.998789	-2.463918	-5.788203	-0.921356	0.385642
0.998808	-2.427414	-5.803482	-0.923784	0.379838
0.998826	-2.390815	-5.818530	-0.926174	0.374020
0.998844	-2.354124	-5.833348	-0.928528	0.368186
0.998862	-2.317342	-5.847933	-0.930846	0.362338
0.998881	-2.280470	-5.862285	-0.933126	0.356476
0.998899	-2.243510	-5.876405	-0.935370	0.350600
0.998918	-2.206463	-5.890291	-0.937576	0.344709
0.998936	-2.169330	-5.903943	-0.939746	0.338805
0.998955	-2.132114	-5.917361	-0.941878	0.332888
0.998973	-2.094816	-5.930543	-0.943972	0.326957
0.998992	-2.057436	-5.943490	-0.946030	0.321014
0.999011	-2.019977	-5.956201	-0.948050	0.315058
0.999030	-1.982441	-5.968675	-0.950032	0.309089
0.999048	-1.944828	-5.980912	-0.951977	0.303108
0.999067	-1.907140	-5.992912	-0.953884	0.297115
0.999086	-1.869378	-6.004674	-0.955754	0.291111
0.999105	-1.831545	-6.016198	-0.957585	0.285094
0.999124	-1.793642	-6.027482	-0.959379	0.279067
0.999143	-1.755669	-6.038528	-0.961135	0.273028
0.999162	-1.717630	-6.049334	-0.962852	0.266979
0.999181	-1.679524	-6.059900	-0.964532	0.260919
0.999200	-1.641355	-6.070225	-0.966173	0.254849
0.999219	-1.603122	-6.080310	-0.967776	0.248769
0.999238	-1.564828	-6.090153	-0.969341	0.242678
0.999257	-1.526475	-6.099755	-0.970867	0.236579
0.999276	-1.488063	-6.109115	-0.972356	0.230470
0.999296	-1.449595	-6.118233	-0.973805	0.224351
0.999315	-1.411071	-6.127108	-0.975216	0.218224
0.999334	-1.372494	-6.135741	-0.976589	0.212089
0.999353	-1.333865	-6.144130	-0.977923	0.205944
0.999373	-1.295186	-6.152275	-0.979218	0.199792
0.999392	-1.256457	-6.160177	-0.980474	0.193632
0.999411	-1.217681	-6.167835	-0.981692	0.187464
0.999431	-1.178859	-6.175249	-0.982871	0.181289
0.999450	-1.139993	-6.182417	-0.984011	0.175106
0.999470	-1.101084	-6.189341	-0.985112	0.168917
0.999489	-1.062134	-6.196020	-0.986174	0.162721
0.999509	-1.023144	-6.202454	-0.987197	0.156519
0.999528	-0.984115	-6.208641	-0.988181	0.150310
0.999548	-0.945051	-6.214584	-0.989126	0.144095
0.999567	-0.905951	-6.220280	-0.990032	0.137875
0.999587	-0.866817	-6.225729	-0.990899	0.131649
0.999606	-0.827652	-6.230933	-0.991727	0.125418
0.999626	-0.788456	-6.235890	-0.992515	0.119183
0.999645	-0.749231	-6.240600	-0.993264	0.112942
0.999665	-0.709979	-6.245063	-0.993974	0.106697
0.999685	-0.670702	-6.249279	-0.994645	0.100448
0.999704	-0.631400	-6.253248	-0.995276	0.094194
0.999724	-0.592075	-6.256970	-0.995869	0.087937
0.999744	-0.552730	-6.260444	-0.996421	0.081677
0.999763	-0.513365	-6.263671	-0.996935	0.075413
0.999783	-0.473982	-6.266650	-0.997409	0.069147
0.999803	-0.434582	-6.269382	-0.997843	0.062877
0.999822	-0.395168	-6.271865	-0.998238	0.056605
0.999842	-0.355740	-6.274101	-0.998594	0.050331
0.999862	-0.316301	-6.276089	-0.998910	0.044055
0.999881	-0.276852	-6.277829	-0.999187	0.037777
0.999901	-0.237394	-6.279321	-0.999425	0.031498
0.999921	-0.197929	-6.280564	-0.999623	0.025218
0.999941	-0.158458	-6.281560	-0.999781	0.018936
0.999960	-0.118984	-6.282308	-0.999900	0.012654
0.999980	-0.079507	-6.282807	-0.999980	0.006371
1.000000	-0.040029	-6.283059	-1.000020	0.000088
1.000020	-0.000552	-6.283062	-1.000020	-0.006195
1.000039	0.038922	-6.282818	-0.999981	-0.012478
1.000059	0.078393	-6.282325	-0.999903	-0.018760
1.000079	0.117858	-6.281585	-0.999785	-0.025042
1.000099	0.157317	-6.280597	-0.999628	-0.031323
1.000118	0.196766	-6.279360	-0.999431	-0.037602
1.000138	0.236206	-6.277877	-0.999195	-0.043880
1.000158	0.275634	-6.276145	-0.998919	-0.050156
1.000177	0.315049	-6.274166	-0.998604	-0.056430
1.000197	0.354449	-6.271940	-0.998250	-0.062702
1.000217	0.393832	-6.269466	-0.997856	-0.068972
1.000236	0.433198	-6.266745	-0.997422	-0.075238
1.000256	0.472545	-6.263777	-0.996950	-0.081502
1.000276	0.511870	-6.260562	-0.996438	-0.087763
1.000296	0.551173	-6.257100	-0.995887	-0.094020
1.000315	0.590452	-6.253392	-0.995296	-0.100273
1.000335	0.629705	-6.249437	-0.994667	-0.106523
1.000354	0.668931	-6.245236	-0.993998	-0.112768
1.000374	0.708129	-6.240790	-0.993290	-0.119009
1.000394	0.747296	-6.236097	-0.992542	-0.125245
1.000413	0.786431	-6.231159	-0.991756	-0.131476
1.000433	0.825534	-6.225975	-0.990930	-0.137702
1.000452	0.864601	-6.220546	-0.990066	-0.143922
1.000472	0.903632	-6.214872	-0.989162	-0.150137
1.000491	0.942625	-6.208954	-0.988220	-0.156346
1.000511	0.981579	-6.202791	-0.987238	-0.162549
1.000530	1.020491	-6.196384	-0.986217	-0.168745
1.000550	1.059361	-6.189733	-0.985158	-0.174935
1.000569	1.098187	-6.182839	-0.984060	-0.181118
1.000589	1.136968	-6.175701	-0.982923	-0.187294
1.000608	1.175702	-6.168320	-0.981747	-0.193462
1.000627	1.214387	-6.160697	-0.980533	-0.199623
1.000647	1.253021	-6.152832	-0.979280	-0.205776
1.000666	1.291605	-6.144724	-0.977988	-0.211920
1.000685	1.330135	-6.136375	-0.976658	-0.218057
1.000705	1.368610	-6.127785	-0.975290	-0.224184
1.000724	1.407030	-6.118953	-0.973882	-0.230303
1.000743	1.445392	-6.109882	-0.972437	-0.236413
1.000762	1.483694	-6.100570	-0.970953	-0.242514
1.000781	1.521936	-6.091018	-0.969431	-0.248605
1.000801	1.560116	-6.081227	-0.967871	-0.254686
1.000820	1.598232	-6.071197	-0.966273	-0.260757
1.000839	1.636283	-6.060929	-0.964637	-0.266818
1.000858	1.674268	-6.050422	-0.962963	-0.272869
1.000877	1.712184	-6.039678	-0.961250	-0.278908
1.000896	1.750031	-6.028697	-0.959500	-0.284937
1.000915	1.787807	-6.017479	-0.957713	-0.290954
1.000933	1.825510	-6.006024	-0.955887	-0.296960
1.000952	1.863140	-5.994334	-0.954024	-0.302955
1.000971	1.900693	-5.982409	-0.952123	-0.308937
1.000990	1.938170	-5.970249	-0.950185	-0.314907
1.001009	1.975569	-5.957854	-0.948209	-0.320865
1.001027	2.012888	-5.945226	-0.946197	-0.326811
1.001046	2.050125	-5.932364	-0.944146	-0.332743
1.001065	2.087280	-5.919270	-0.942059	-0.338662
1.001083	2.124350	-5.905944	-0.939935	-0.344568
1.001102	2.161335	-5.892385	-0.937773	-0.350461
1.001120	2.198232	-5.878596	-0.935575	-0.356339
1.001139	2.235042	-5.864576	-0.933340	-0.362204
1.001157	2.271761	-5.850327	-0.931068	-0.368054
1.001175	2.308388	-5.835848	-0.928760	-0.373890
1.001194	2.344923	-5.821140	-0.926415	-0.379711
1.001212	2.381364	-5.806204	-0.924034	-0.385517
1.001230	2.417709	-5.791040	-0.921616	-0.391308
1.001248	2.453957	-5.775650	-0.919162	-0.397084
1.001266	2.490107	-5.760033	-0.916672	-0.402844
1.001285	2.526157	-5.744190	-0.914146	-0.408588
1.001303	2.562105	-5.728123	-0.911584	-0.414316
1.001321	2.597951	-5.711831	-0.908986	-0.420028
1.001338	2.633692	-5.695315	-0.906352	-0.425723
1.001356	2.669328	-5.678577	-0.903683	-0.431402
1.001374	2.704858	-5.661616	-0.900978	-0.437064
1.001392	2.740279	-5.644433	-0.898238	-0.442708
1.001410	2.775590	-5.627029	-0.895462	-0.448335
1.001427	2.810791	-5.609405	-0.892651	-0.453944
1.001445	2.845879	-5.591562	-0.889805	-0.459536
1.001462	2.880853	-5.573499	-0.886925	-0.465110
1.001480	2.915713	-5.555219	-0.884009	-0.470665
1.001497	2.950456	-5.536721	-0.881058	-0.476201
1.001515	2.985081	-5.518006	-0.878073	-0.481719
1.001532	3.019587	-5.499076	-0.875054	-0.487219
1.001549	3.053973	-5.479930	-0.872000	-0.492698
1.001566	3.088237	-5.460571	-0.868911	-0.498159
1.001584	3.122377	-5.440997	-0.865789	-0.503600
1.001601	3.156394	-5.421211	-0.862633	-0.509021
1.001618	3.190284	-5.401213	-0.859442	-0.514422
1.001635	3.224048	-5.381004	-0.856218	-0.519803
1.001651	3.257683	-5.360584	-0.852961	-0.525164
1.001668	3.291189	-5.339955	-0.849669	-0.530504
1.001685	3.324563	-5.319117	-0.846345	-0.535823
1.001702	3.357806	-5.298071	-0.842987	-0.541121
1.001718	3.390915	-5.276818	-0.839596	-0.546398
1.001735	3.423889	-5.255359	-0.836172	-0.551653
1.001751	3.456727	-5.233695	-0.832716	-0.556887
1.001768	3.489427	-5.211826	-0.829226	-0.562099
1.001784	3.521989	-5.189753	-0.825704	-0.567289
1.001800	3.554411	-5.167478	-0.822150	-0.572456
1.001816	3.586692	-5.145001	-0.818563	-0.577601
1.001833	3.618831	-5.122323	-0.814944	-0.582723
1.001849	3.650826	-5.099445	-0.811293	-0.587823
1.001865	3.682676	-5.076368	-0.807611	-0.592899
1.001881	3.714380	-5.053093	-0.803896	-0.597952
1.001896	3.745936	-5.029621	-0.800150	-0.602982
1.001912	3.777345	-5.005952	-0.796373	-0.607988
1.001928	3.808603	-4.982088	-0.792564	-0.612970
1.001943	3.839710	-4.958029	-0.788725	-0.617928
1.001959	3.870666	-4.933777	-0.784854	-0.622862
1.001974	3.901468	-4.909333	-0.780953	-0.627771
1.001990	3.932115	-4.884697	-0.777021	-0.632656
1.002005	3.962607	-4.859870	-0.773058	-0.637516
1.002020	3.992942	-4.834854	-0.769065	-0.642351
1.002036	4.023119	-4.809649	-0.765042	-0.647160
1.002051	4.053136	-4.784257	-0.760989	-0.651944
1.002066	4.082993	-4.758678	-0.756906	-0.656703
1.002080	4.112689	-4.732914	-0.752793	-0.661436
1.002095	4.142222	-4.706965	-0.748651	-0.666143
1.002110	4.171591	-4.680832	-0.744479	-0.670824
1.002125	4.200796	-4.654517	-0.740278	-0.675478
1.002139	4.229834	-4.628021	-0.736049	-0.680106
1.002154	4.258705	-4.601344	-0.731790	-0.684708
1.002168	4.287408	-4.574488	-0.727502	-0.689282
1.002183	4.315941	-4.547453	-0.723187	-0.693830
1.002197	4.344304	-4.520242	-0.718842	-0.698350
1.002211	4.372496	-4.492854	-0.714470	-0.702843
1.002225	4.400514	-4.465292	-0.710069	-0.707308
1.002239	4.428359	-4.437555	-0.705641	-0.711746
1.002253	4.456029	-4.409645	-0.701185	-0.716155
1.002267	4.483524	-4.381564	-0.696701	-0.720537
1.002280	4.510841	-4.353312	-0.692190	-0.724890
1.002294	4.537980	-4.324891	-0.687652	-0.729215
1.002308	4.564941	-4.296301	-0.683088	-0.733511
1.002321	4.591721	-4.267544	-0.678496	-0.737779
1.002334	4.618320	-4.238620	-0.673878	-0.742017
1.002348	4.644737	-4.209532	-0.669233	-0.746227
1.002361	4.670971	-4.180280	-0.664562	-0.750407
1.002374	4.697021	-4.150865	-0.659865	-0.754558
1.002387	4.722886	-4.121288	-0.655142	-0.758679
1.002400	4.748565	-4.091552	-0.650393	-0.762771
1.002413	4.774056	-4.061655	-0.645619	-0.766833
1.002425	4.799360	-4.031601	-0.640820	-0.770864
1.002438	4.824474	-4.001390	-0.635995	-0.774866
1.002450	4.849399	-3.971024	-0.631146	-0.778837
1.002463	4.874132	-3.940502	-0.626272	-0.782777
1.002475	4.898674	-3.909828	-0.621373	-0.786687
1.002487	4.923022	-3.879001	-0.616450	-0.790566
1.002500	4.947177	-3.848024	-0.611503	-0.794414
1.002512	4.971137	-3.816897	-0.606532	-0.798231
1.002524	4.994902	-3.785621	-0.601537	-0.802017
1.002535	5.018470	-3.754199	-0.596519	-0.805771
1.002547	5.041840	-3.722630	-0.591477	-0.809493
1.002559	5.065013	-3.690917	-0.586412	-0.813184
1.002570	5.087986	-3.659060	-0.581324	-0.816843
1.002582	5.110759	-3.627060	-0.576213	-0.820470
1.002593	5.133330	-3.594920	-0.571080	-0.824065
1.002604	5.155701	-3.562640	-0.565924	-0.827628
1.002616	5.177868	-3.530222	-0.560746	-0.831158
1.002627	5.199832	-3.497666	-0.555546	-0.834656
1.002638	5.221591	-3.464975	-0.550325	-0.838121
1.002648	5.243145	-3.432149	-0.545081	-0.841553
1.002659	5.264494	-3.399189	-0.539817	-0.844952
1.002670	5.285635	-3.366097	-0.534531	-0.848318
1.002680	5.306569	-3.332875	-0.529225	-0.851651
1.002691	5.327294	-3.299523	-0.523897	-0.854951
1.002701	5.347810	-3.266043	-0.518550	-0.858217
1.002711	5.368116	-3.232436	-0.513182	-0.861449
1.002721	5.388211	-3.198703	-0.507793	-0.864648
1.002731	5.408094	-3.164847	-0.502385	-0.867813
1.002741	5.427766	-3.130867	-0.496957	-0.870944
1.002751	5.447224	-3.096766	-0.491510	-0.874040
1.002761	5.466468	-3.062544	-0.486044	-0.877103
1.002770	5.485498	-3.028204	-0.480558	-0.880131
1.002780	5.504312	-2.993746	-0.475054	-0.883125
1.002789	5.522910	-2.959171	-0.469531	-0.886084
1.002798	5.541292	-2.924482	-0.463990	-0.889008
1.002807	5.559456	-2.889680	-0.458430	-0.891898
1.002816	5.577402	-2.854765	-0.452853	-0.894753
1.002825	5.595129	-2.819739	-0.447258	-0.897573
1.002834	5.612637	-2.784604	-0.441645	-0.900357
1.002843	5.629925	-2.749361	-0.436015	-0.903107
1.002851	5.646991	-2.714011	-0.430368	-0.905821
1.002860	5.663837	-2.678555	-0.424704	-0.908499
1.002868	5.680460	-2.642996	-0.419024	-0.911142
1.002876	5.696860	-2.607334	-0.413327	-0.913750
1.002885	5.713037	-2.571571	-0.407614	-0.916321
1.002893	5.728991	-2.535708	-0.401885	-0.918857
1.002901	5.744719	-2.499747	-0.396140	-0.921357
1.002908	5.760222	-2.463689	-0.390380	-0.923820
1.002916	5.775500	-2.427535	-0.384605	-0.926248
1.002924	5.790551	-2.391287	-0.378814	-0.928639
1.002931	5.805375	-2.354947	-0.373009	-0.930994
1.002938	5.819972	-2.318515	-0.367189	-0.933313
1.002946	5.834341	-2.281992	-0.361354	-0.935595
1.002953	5.848481	-2.245382	-0.355506	-0.937840
1.002960	5.862392	-2.208684	-0.349643	-0.940049
1.002967	5.876073	-2.171901	-0.343767	-0.942220
1.002973	5.889524	-2.135033	-0.337878	-0.944356
1.002980	5.902745	-2.098083	-0.331975	-0.946454
1.002987	5.915734	-2.061051	-0.326059	-0.948515
1.002993	5.928491	-2.023940	-0.320131	-0.950539
1.002999	5.941016	-1.986750	-0.314190	-0.952525
1.003005	5.953309	-1.949482	-0.308237	-0.954475
1.003011	5.965368	-1.912140	-0.302271	-0.956387
1.003017	5.977194	-1.874723	-0.296294	-0.958262
1.003023	5.988786	-1.837233	-0.290305	-0.960099
1.003029	6.000143	-1.799672	-0.284305	-0.961899
1.003035	6.011265	-1.762042	-0.278294	-0.963661
1.003040	6.022152	-1.724343	-0.272272	-0.965385
1.003045	6.032804	-1.686577	-0.266239	-0.967072
1.003051	6.043219	-1.648746	-0.260196	-0.968720
1.003056	6.053397	-1.610851	-0.254142	-0.970331
1.003061	6.063339	-1.572893	-0.248079	-0.971904
1.003066	6.073043	-1.534875	-0.242006	-0.973439
1.003070	6.082510	-1.496797	-0.235923	-0.974936
1.003075	6.091738	-1.458661	-0.229832	-0.976394
1.003080	6.100728	-1.420468	-0.223731	-0.977815
1.003084	6.109480	-1.382220	-0.217621	-0.979197
1.003088	6.117992	-1.343919	-0.211503	-0.980541
1.003092	6.126265	-1.305566	-0.205377	-0.981847
1.003096	6.134298	-1.267162	-0.199243	-0.983114
1.003100	6.142091	-1.228709	-0.193101	-0.984342
1.003104	6.149644	-1.190208	-0.186951	-0.985533
1.003108	6.156956	-1.151662	-0.180794	-0.986684
1.003111	6.164027	-1.113070	-0.174630	-0.987797
1.003115	6.170857	-1.074436	-0.168459	-0.988872
1.003118	6.177446	-1.035760	-0.162282	-0.989908
1.003121	6.183793	-0.997043	-0.156098	-0.990905
1.003124	6.189898	-0.958288	-0.149908	-0.991863
1.003127	6.195761	-0.919496	-0.143712	-0.992782
1.003130	6.201381	-0.880668	-0.137511	-0.993663
1.003133	6.206759	-0.841807	-0.131304	-0.994505
1.003135	6.211895	-0.802912	-0.125092	-0.995308
1.003138	6.216787	-0.763987	-0.118876	-0.996072
1.003140	6.221436	-0.725031	-0.112654	-0.996797
1.003142	6.225842	-0.686048	-0.106428	-0.997483
1.003145	6.230004	-0.647038	-0.100198	-0.998130
1.003147	6.233923	-0.608003	-0.093964	-0.998738
1.003148	6.237597	-0.568945	-0.087727	-0.999307
1.003150	6.241028	-0.529864	-0.081486	-0.999837
1.003152	6.244215	-0.490763	-0.075242	-1.000327
1.003153	6.247157	-0.451643	-0.068994	-1.000779
1.003155	6.249856	-0.412505	-0.062745	-1.001192
1.003156	6.252309	-0.373352	-0.056492	-1.001565
1.003157	6.254518	-0.334184	-0.050238	-1.001899
1.003158	6.256483	-0.295003	-0.043981	-1.002194
1.003159	6.258203	-0.255810	-0.037723	-1.002450
1.003159	6.259678	-0.216608	-0.031463	-1.002667
1.003160	6.260909	-0.177397	-0.025202	-1.002844
1.003161	6.261894	-0.138179	-0.018941	-1.002982
1.003161	6.262635	-0.098956	-0.012678	-1.003081
1.003161	6.263131	-0.059729	-0.006415	-1.003141
1.003161	6.263382	-0.020500	-0.000151	-1.003161
1.003161	6.263388	0.018730	0.006112	-1.003143
1.003161	6.263149	0.057959	0.012375	-1.003085
1.003161	6.262665	0.097186	0.018638	-1.002987
1.003161	6.261936	0.136409	0.024900	-1.002851
1.003160	6.260962	0.175627	0.031161	-1.002675
1.003159	6.259743	0.214839	0.037420	-1.002461
1.003159	6.258280	0.254041	0.043679	-1.002207
1.003158	6.256572	0.293234	0.049935	-1.001913
1.003157	6.254619	0.332416	0.056190	-1.001581
1.003156	6.252422	0.371585	0.062442	-1.001209
1.003155	6.249980	0.410739	0.068692	-1.000799
1.003153	6.247293	0.449878	0.074940	-1.000349
1.003152	6.244363	0.488999	0.081184	-0.999860
1.003150	6.241188	0.528101	0.087425	-0.999332
1.003148	6.237769	0.567183	0.093663	-0.998764
1.003147	6.234106	0.606243	0.099897	-0.998158
1.003145	6.230199	0.645279	0.106127	-0.997513
1.003143	6.226048	0.684290	0.112353	-0.996829
1.003140	6.221654	0.723275	0.118575	-0.996105
1.003138	6.217017	0.762232	0.124792	-0.995343
1.003136	6.212137	0.801159	0.131004	-0.994542
1.003133	6.207013	0.840055	0.137211	-0.993702
1.003130	6.201647	0.878919	0.143413	-0.992823
1.003127	6.196038	0.917749	0.149609	-0.991905
1.003124	6.190186	0.956543	0.155799	-0.990949
1.003121	6.184093	0.995300	0.161983	-0.989953
1.003118	6.177758	1.034018	0.168161	-0.988919
1.003115	6.171181	1.072697	0.174332	-0.987847
1.003111	6.164362	1.111333	0.180496	-0.986735
1.003108	6.157302	1.149927	0.186654	-0.985585
1.003104	6.150002	1.188477	0.192804	-0.984397
1.003100	6.142461	1.226980	0.198946	-0.983170
1.003097	6.134679	1.265435	0.205081	-0.981904
1.003092	6.126657	1.303842	0.211207	-0.980601
1.003088	6.118396	1.342198	0.217326	-0.979258
1.003084	6.109895	1.380502	0.223436	-0.977878
1.003080	6.101155	1.418753	0.229537	-0.976459
1.003075	6.092177	1.456948	0.235629	-0.975002
1.003071	6.082960	1.495087	0.241712	-0.973507
1.003066	6.073504	1.533169	0.247786	-0.971974
1.003061	6.063811	1.571190	0.253849	-0.970403
1.003056	6.053881	1.609151	0.259903	-0.968794
1.003051	6.043714	1.647050	0.265947	-0.967147
1.003046	6.033310	1.684885	0.271980	-0.965462
1.003040	6.022670	1.722654	0.278003	-0.963739
1.003035	6.011794	1.760357	0.284015	-0.961979
1.003029	6.000683	1.797991	0.290015	-0.960181
1.003023	5.989337	1.835556	0.296005	-0.958345
1.003018	5.977756	1.873049	0.301983	-0.956472
1.003012	5.965942	1.910470	0.307948	-0.954562
1.003006	5.953893	1.947817	0.313902	-0.952614
1.002999	5.941612	1.985088	0.319844	-0.950629
1.002993	5.929098	2.022282	0.325773	-0.948606
1.002987	5.916351	2.059398	0.331689	-0.946547
1.002980	5.903373	2.096434	0.337593	-0.944451
1.002974	5.890163	2.133389	0.343483	-0.942317
1.002967	5.876723	2.170261	0.349360	-0.940147
1.002960	5.863053	2.207049	0.355223	-0.937940
1.002953	5.849153	2.243751	0.361072	-0.935696
1.002946	5.835023	2.280367	0.366907	-0.933416
1.002939	5.820665	2.316894	0.372728	-0.931099
1.002931	5.806079	2.353330	0.378534	-0.928746
1.002924	5.791266	2.389676	0.384325	-0.926356
1.002916	5.776225	2.425929	0.390101	-0.923930
1.002909	5.760958	2.462088	0.395862	-0.921468
1.002901	5.745465	2.498151	0.401608	-0.918970
1.002893	5.729747	2.534118	0.407337	-0.916436
1.002885	5.713805	2.569986	0.413051	-0.913866
1.002877	5.697638	2.605754	0.418749	-0.911260
1.002868	5.681248	2.641422	0.424430	-0.908618
1.002860	5.664635	2.676986	0.430095	-0.905941
1.002852	5.647800	2.712447	0.435742	-0.903229
1.002843	5.630744	2.747803	0.441373	-0.900481
1.002834	5.613466	2.783052	0.446987	-0.897698
1.002826	5.595969	2.818193	0.452583	-0.894880
1.002817	5.578251	2.853225	0.458161	-0.892027
1.002808	5.560315	2.888145	0.463721	-0.889139
1.002798	5.542161	2.922954	0.469263	-0.886216
1.002789	5.523790	2.957649	0.474787	-0.883258
1.002780	5.505201	2.992230	0.480292	-0.880266
1.002770	5.486397	3.026694	0.485779	-0.877239
1.002761	5.467377	3.061041	0.491246	-0.874178
1.002751	5.448143	3.095269	0.496694	-0.871083
1.002741	5.428694	3.129376	0.502123	-0.867953
1.002732	5.409033	3.163363	0.507532	-0.864790
1.002722	5.389159	3.197226	0.512921	-0.861593
1.002711	5.369074	3.230965	0.518290	-0.858362
1.002701	5.348777	3.264579	0.523639	-0.855097
1.002691	5.328271	3.298065	0.528967	-0.851799
1.002681	5.307555	3.331424	0.534275	-0.848468
1.002670	5.286631	3.364653	0.539561	-0.845103
1.002659	5.265499	3.397752	0.544827	-0.841705
1.002649	5.244160	3.430719	0.550071	-0.838275
1.002638	5.222615	3.463552	0.555294	-0.834811
1.002627	5.200865	3.496250	0.560495	-0.831315
1.002616	5.178910	3.528813	0.565673	-0.827786
1.002605	5.156752	3.561239	0.570830	-0.824225
1.002593	5.134391	3.593526	0.575965	-0.820631
1.002582	5.111828	3.625674	0.581076	-0.817006
1.002571	5.089064	3.657680	0.586166	-0.813348
1.002559	5.066099	3.689545	0.591232	-0.809658
1.002548	5.042936	3.721266	0.596275	-0.805937
1.002536	5.019574	3.752842	0.601294	-0.802184
1.002524	4.996015	3.784272	0.606290	-0.798400
1.002512	4.972259	3.815556	0.611262	-0.794584
1.002500	4.948307	3.846690	0.616211	-0.790738
1.002488	4.924161	3.877676	0.621135	-0.786860
1.002476	4.899821	3.908510	0.626035	-0.782952
1.002463	4.875288	3.939193	0.630910	-0.779012
1.002451	4.850563	3.969722	0.635761	-0.775043
1.002438	4.825647	4.000096	0.640586	-0.771043
1.002426	4.800540	4.030315	0.645387	-0.767012
1.002413	4.775245	4.060378	0.650162	-0.762952
1.002400	4.749762	4.090282	0.654912	-0.758862
1.002387	4.724091	4.120027	0.659636	-0.754742
1.002374	4.698234	4.149612	0.664334	-0.750592
1.002361	4.672192	4.179035	0.669006	-0.746413
1.002348	4.645966	4.208296	0.673652	-0.742205
1.002335	4.619557	4.237393	0.678272	-0.737967
1.002321	4.592965	4.266324	0.682865	-0.733701
1.002308	4.566193	4.295090	0.687431	-0.729406
1.002294	4.539240	4.323689	0.691970	-0.725082
1.002281	4.512108	4.352119	0.696482	-0.720730
1.002267	4.484798	4.380379	0.700967	-0.716350
1.002253	4.457312	4.408469	0.705424	-0.711941
1.002239	4.429649	4.436388	0.709854	-0.707505
1.002225	4.401811	4.464133	0.714256	-0.703041
1.002211	4.373800	4.491705	0.718630	-0.698549
1.002197	4.345615	4.519102	0.722975	-0.694030
1.002183	4.317260	4.546322	0.727293	-0.689483
1.002169	4.288733	4.573365	0.731581	-0.684910
1.002154	4.260037	4.600231	0.735841	-0.680310
1.002140	4.231173	4.626917	0.740072	-0.675683
1.002125	4.202142	4.653422	0.744275	-0.671030
1.002110	4.172944	4.679746	0.748448	-0.666350
1.002096	4.143582	4.705888	0.752591	-0.661644
1.002081	4.114055	4.731846	0.756705	-0.656912
1.002066	4.084366	4.757620	0.760790	-0.652154
1.002051	4.054516	4.783208	0.764844	-0.647371
1.002036	4.024504	4.808610	0.768869	-0.642563
1.002021	3.994334	4.833824	0.772863	-0.637729
1.002006	3.964005	4.858850	0.776827	-0.632870
1.001990	3.933520	4.883686	0.780760	-0.627986
1.001975	3.902879	4.908332	0.784663	-0.623078
1.001959	3.872083	4.932786	0.788535	-0.618145
1.001944	3.841133	4.957047	0.792377	-0.613188
1.001928	3.810032	4.981115	0.796187	-0.608207
1.001913	3.778779	5.004989	0.799965	-0.603202
1.001897	3.747377	5.028668	0.803713	-0.598173
1.001881	3.715826	5.052150	0.807429	-0.593121
1.001865	3.684128	5.075435	0.811113	-0.588046
1.001849	3.652283	5.098522	0.814765	-0.582947
1.001833	3.620294	5.121409	0.818385	-0.577826
1.001817	3.588161	5.144097	0.821973	-0.572682
1.001801	3.555885	5.166584	0.825529	-0.567515
1.001784	3.523469	5.188869	0.829053	-0.562326
1.001768	3.490912	5.210952	0.832544	-0.557115
1.001752	3.458216	5.232830	0.836002	-0.551882
1.001735	3.425384	5.254505	0.839427	-0.546628
1.001719	3.392415	5.275974	0.842820	-0.541352
1.001702	3.359311	5.297237	0.846179	-0.536055
1.001685	3.326073	5.318293	0.849505	-0.530736
1.001669	3.292704	5.339141	0.852798	-0.525397
1.001652	3.259203	5.359780	0.856057	-0.520038
1.001635	3.225572	5.380210	0.859283	-0.514657
1.001618	3.191813	5.400430	0.862474	-0.509257
1.001601	3.157927	5.420438	0.865632	-0.503836
1.001584	3.123915	5.440235	0.868756	-0.498396
1.001567	3.089779	5.459818	0.871846	-0.492936
1.001550	3.055519	5.479189	0.874902	-0.487457
1.001532	3.021138	5.498344	0.877923	-0.481959
1.001515	2.986636	5.517285	0.880909	-0.476442
1.001498	2.952015	5.536010	0.883861	-0.470906
1.001480	2.917276	5.554518	0.886779	-0.465351
1.001463	2.882420	5.572809	0.889661	-0.459778
1.001445	2.847450	5.590882	0.892508	-0.454187
1.001428	2.812365	5.608736	0.895321	-0.448579
1.001410	2.777169	5.626371	0.898098	-0.442952
1.001392	2.741861	5.643785	0.900840	-0.437308
1.001375	2.706443	5.660978	0.903546	-0.431648
1.001357	2.670918	5.677950	0.906217	-0.425970
1.001339	2.635285	5.694699	0.908853	-0.420275
1.001321	2.599547	5.711225	0.911452	-0.414564
1.001303	2.563704	5.727528	0.914016	-0.408836
1.001285	2.527759	5.743606	0.916544	-0.403093
1.001267	2.491713	5.759459	0.919035	-0.397333
1.001249	2.455566	5.775086	0.921491	-0.391558
1.001231	2.419321	5.790487	0.923910	-0.385767
1.001212	2.382979	5.805662	0.926293	-0.379962
1.001194	2.346541	5.820608	0.928640	-0.374141
1.001176	2.310009	5.835327	0.930950	-0.368306
1.001158	2.273384	5.849817	0.933223	-0.362456
1.001139	2.236667	5.864077	0.935460	-0.356592
1.001121	2.199861	5.878107	0.937660	-0.350714
1.001102	2.162966	5.891907	0.939823	-0.344822
1.001084	2.125983	5.905476	0.941949	-0.338916
1.001065	2.088915	5.918813	0.944037	-0.332998
1.001047	2.051763	5.931919	0.946089	-0.327066
1.001028	2.014528	5.944791	0.948104	-0.321121
1.001009	1.977211	5.957430	0.950081	-0.315164
1.000990	1.939815	5.969835	0.952021	-0.309194
1.000972	1.902340	5.982006	0.953923	-0.303212
1.000953	1.864788	5.993942	0.955788	-0.297218
1.000934	1.827160	6.005643	0.957615	-0.291212
1.000915	1.789459	6.017108	0.959404	-0.285195
1.000896	1.751685	6.028337	0.961156	-0.279167
1.000877	1.713839	6.039329	0.962870	-0.273127
1.000858	1.675925	6.050084	0.964546	-0.267077
1.000839	1.637942	6.060601	0.966184	-0.261017
1.000820	1.599892	6.070881	0.967784	-0.254946
1.000801	1.561777	6.080921	0.969346	-0.248865
1.000782	1.523598	6.090723	0.970869	-0.242774
1.000763	1.485358	6.100286	0.972354	-0.236674
1.000744	1.447056	6.109608	0.973802	-0.230564
1.000724	1.408695	6.118691	0.975210	-0.224446
1.000705	1.370277	6.127533	0.976581	-0.218318
1.000686	1.331802	6.136134	0.977912	-0.212182
1.000667	1.293273	6.144494	0.979206	-0.206037
1.000647	1.254690	6.152612	0.980460	-0.199885
1.000628	1.216056	6.160488	0.981676	-0.193724
1.000609	1.177372	6.168122	0.982854	-0.187556
1.000589	1.138639	6.175514	0.983992	-0.181381
1.000570	1.099859	6.182662	0.985092	-0.175198
1.000550	1.061033	6.189567	0.986153	-0.169008
1.000531	1.022163	6.196229	0.987175	-0.162812
1.000511	0.983251	6.202647	0.988159	-0.156610
1.000492	0.944297	6.208820	0.989103	-0.150401
1.000472	0.905304	6.214749	0.990008	-0.144186
1.000453	0.866273	6.220434	0.990875	-0.137966
1.000433	0.827206	6.225873	0.991702	-0.131740
1.000414	0.788104	6.231068	0.992490	-0.125509
1.000394	0.748968	6.236017	0.993239	-0.119273
1.000375	0.709801	6.240720	0.993949	-0.113032
1.000355	0.670603	6.245178	0.994619	-0.106787
1.000335	0.631376	6.249389	0.995251	-0.100537
1.000316	0.592123	6.253355	0.995843	-0.094284
1.000296	0.552843	6.257073	0.996396	-0.088027
1.000276	0.513540	6.260546	0.996909	-0.081766
1.000257	0.474214	6.263771	0.997383	-0.075503
1.000237	0.434867	6.266750	0.997818	-0.069236
1.000217	0.395500	6.269481	0.998214	-0.062966
1.000198	0.356115	6.271966	0.998570	-0.056694
1.000178	0.316715	6.274203	0.998887	-0.050420
1.000158	0.277299	6.276192	0.999164	-0.044144
1.000138	0.237870	6.277934	0.999402	-0.037866
1.000119	0.198429	6.279429	0.999600	-0.031587
1.000099	0.158978	6.280675	0.999759	-0.025306
1.000079	0.119519	6.281674	0.999879	-0.019024
1.000060	0.080052	6.282425	0.999959	-0.012742
1.000040	0.040580	6.282928	0.999999	-0.006459
1.000020	0.001104	6.283183	1.000000	-0.000176
