Euler Method

Time (s)	Angle (deg)		Velocity		Energy
0.000000	3.000000		0.000000		0.006722
0.010000	3.000000		-0.005137		0.006729
0.020000	2.997057		-0.010273		0.006735
0.030000	2.991171		-0.015404		0.006742
0.040000	2.982345		-0.020526		0.006748
0.050000	2.970584		-0.025632		0.006755
0.060000	2.955898		-0.030718		0.006762
0.070000	2.938298		-0.035779		0.006768
0.080000	2.917798		-0.040810		0.006775
0.090000	2.894416		-0.045806		0.006782
0.100000	2.868171		-0.050762		0.006788
0.110000	2.839086		-0.055672		0.006795
0.120000	2.807188		-0.060533		0.006802
0.130000	2.772505		-0.065340		0.006808
0.140000	2.735068		-0.070087		0.006815
0.150000	2.694912		-0.074770		0.006822
0.160000	2.652072		-0.079384		0.006828
0.170000	2.606588		-0.083925		0.006835
0.180000	2.558503		-0.088388		0.006842
0.190000	2.507861		-0.092768		0.006848
0.200000	2.454708		-0.097062		0.006855
0.210000	2.399096		-0.101265		0.006862
0.220000	2.341076		-0.105373		0.006869
0.230000	2.280702		-0.109381		0.006875
0.240000	2.218031		-0.113286		0.006882
0.250000	2.153123		-0.117083		0.006889
0.260000	2.086039		-0.120770		0.006896
0.270000	2.016843		-0.124342		0.006902
0.280000	1.945601		-0.127795		0.006909
0.290000	1.872380		-0.131126		0.006916
0.300000	1.797250		-0.134332		0.006923
0.310000	1.720284		-0.137409		0.006930
0.320000	1.641554		-0.140354		0.006936
0.330000	1.561137		-0.143165		0.006943
0.340000	1.479109		-0.145838		0.006950
0.350000	1.395550		-0.148370		0.006957
0.360000	1.310540		-0.150760		0.006964
0.370000	1.224161		-0.153004		0.006970
0.380000	1.136497		-0.155100		0.006977
0.390000	1.047631		-0.157046		0.006984
0.400000	0.957651		-0.158839		0.006991
0.410000	0.866643		-0.160479		0.006998
0.420000	0.774695		-0.161963		0.007005
0.430000	0.681897		-0.163289		0.007012
0.440000	0.588339		-0.164457		0.007018
0.450000	0.494113		-0.165464		0.007025
0.460000	0.399309		-0.166310		0.007032
0.470000	0.304020		-0.166994		0.007039
0.480000	0.208340		-0.167514		0.007046
0.490000	0.112361		-0.167871		0.007053
0.500000	0.016178		-0.168063		0.007060
0.510000	-0.080115		-0.168091		0.007067
0.520000	-0.176424		-0.167954		0.007074
0.530000	-0.272655		-0.167652		0.007081
0.540000	-0.368712		-0.167185		0.007088
0.550000	-0.464502		-0.166554		0.007095
0.560000	-0.559930		-0.165758		0.007102
0.570000	-0.654903		-0.164800		0.007108
0.580000	-0.749326		-0.163678		0.007115
0.590000	-0.843107		-0.162395		0.007122
0.600000	-0.936152		-0.160952		0.007129
0.610000	-1.028371		-0.159349		0.007136
0.620000	-1.119671		-0.157588		0.007143
0.630000	-1.209963		-0.155671		0.007150
0.640000	-1.299156		-0.153600		0.007157
0.650000	-1.387162		-0.151375		0.007164
0.660000	-1.473893		-0.149000		0.007172
0.670000	-1.559264		-0.146477		0.007179
0.680000	-1.643189		-0.143807		0.007186
0.690000	-1.725584		-0.140993		0.007193
0.700000	-1.806368		-0.138039		0.007200
0.710000	-1.885458		-0.134946		0.007207
0.720000	-1.962776		-0.131718		0.007214
0.730000	-2.038245		-0.128357		0.007221
0.740000	-2.111789		-0.124867		0.007228
0.750000	-2.183332		-0.121252		0.007235
0.760000	-2.252804		-0.117514		0.007242
0.770000	-2.320135		-0.113656		0.007249
0.780000	-2.385255		-0.109684		0.007256
0.790000	-2.448099		-0.105600		0.007264
0.800000	-2.508604		-0.101408		0.007271
0.810000	-2.566706		-0.097113		0.007278
0.820000	-2.622348		-0.092719		0.007285
0.830000	-2.675472		-0.088229		0.007292
0.840000	-2.726023		-0.083648		0.007299
0.850000	-2.773950		-0.078980		0.007306
0.860000	-2.819202		-0.074231		0.007314
0.870000	-2.861733		-0.069404		0.007321
0.880000	-2.901499		-0.064504		0.007328
0.890000	-2.938457		-0.059536		0.007335
0.900000	-2.972569		-0.054505		0.007342
0.910000	-3.003798		-0.049416		0.007350
0.920000	-3.032111		-0.044273		0.007357
0.930000	-3.057478		-0.039081		0.007364
0.940000	-3.079870		-0.033846		0.007371
0.950000	-3.099262		-0.028573		0.007378
0.960000	-3.115633		-0.023267		0.007386
0.970000	-3.128964		-0.017932		0.007393
0.980000	-3.139238		-0.012575		0.007400
0.990000	-3.146443		-0.007200		0.007407
1.000000	-3.150568		-0.001813		0.007415
1.010000	-3.151607		0.003582		0.007422
1.020000	-3.149555		0.008978		0.007429
1.030000	-3.144411		0.014370		0.007437
1.040000	-3.136177		0.019754		0.007444
1.050000	-3.124859		0.025124		0.007451
1.060000	-3.110464		0.030474		0.007458
1.070000	-3.093004		0.035800		0.007466
1.080000	-3.072492		0.041095		0.007473
1.090000	-3.048946		0.046356		0.007480
1.100000	-3.022386		0.051576		0.007488
1.110000	-2.992835		0.056751		0.007495
1.120000	-2.960319		0.061875		0.007502
1.130000	-2.924867		0.066944		0.007510
1.140000	-2.886511		0.071952		0.007517
1.150000	-2.845286		0.076894		0.007525
1.160000	-2.801229		0.081766		0.007532
1.170000	-2.754380		0.086562		0.007539
1.180000	-2.704784		0.091278		0.007547
1.190000	-2.652486		0.095909		0.007554
1.200000	-2.597534		0.100450		0.007562
1.210000	-2.539980		0.104898		0.007569
1.220000	-2.479878		0.109247		0.007576
1.230000	-2.417285		0.113493		0.007584
1.240000	-2.352258		0.117631		0.007591
1.250000	-2.284860		0.121659		0.007599
1.260000	-2.215155		0.125571		0.007606
1.270000	-2.143208		0.129364		0.007614
1.280000	-2.069088		0.133033		0.007621
1.290000	-1.992866		0.136576		0.007629
1.300000	-1.914614		0.139988		0.007636
1.310000	-1.834407		0.143266		0.007644
1.320000	-1.752321		0.146407		0.007651
1.330000	-1.668436		0.149407		0.007659
1.340000	-1.582832		0.152264		0.007666
1.350000	-1.495592		0.154974		0.007674
1.360000	-1.406798		0.157535		0.007681
1.370000	-1.316538		0.159943		0.007689
1.380000	-1.224897		0.162197		0.007696
1.390000	-1.131965		0.164295		0.007704
1.400000	-1.037831		0.166233		0.007711
1.410000	-0.942586		0.168010		0.007719
1.420000	-0.846324		0.169623		0.007726
1.430000	-0.749137		0.171073		0.007734
1.440000	-0.651120		0.172355		0.007742
1.450000	-0.552367		0.173470		0.007749
1.460000	-0.452976		0.174416		0.007757
1.470000	-0.353043		0.175191		0.007764
1.480000	-0.252666		0.175796		0.007772
1.490000	-0.151943		0.176228		0.007780
1.500000	-0.050971		0.176489		0.007787
1.510000	0.050149		0.176576		0.007795
1.520000	0.151320		0.176490		0.007803
1.530000	0.252441		0.176231		0.007810
1.540000	0.353414		0.175799		0.007818
1.550000	0.454139		0.175194		0.007826
1.560000	0.554518		0.174416		0.007833
1.570000	0.654451		0.173467		0.007841
1.580000	0.753840		0.172346		0.007849
1.590000	0.852587		0.171055		0.007856
1.600000	0.950594		0.169596		0.007864
1.610000	1.047765		0.167968		0.007872
1.620000	1.144004		0.166174		0.007880
1.630000	1.239215		0.164215		0.007887
1.640000	1.333303		0.162094		0.007895
1.650000	1.426176		0.159811		0.007903
1.660000	1.517741		0.157369		0.007910
1.670000	1.607906		0.154770		0.007918
1.680000	1.696583		0.152017		0.007926
1.690000	1.783683		0.149112		0.007934
1.700000	1.869118		0.146058		0.007942
1.710000	1.952803		0.142858		0.007949
1.720000	2.034655		0.139515		0.007957
1.730000	2.114591		0.136031		0.007965
1.740000	2.192531		0.132410		0.007973
1.750000	2.268396		0.128656		0.007981
1.760000	2.342111		0.124773		0.007988
1.770000	2.413601		0.120763		0.007996
1.780000	2.482792		0.116630		0.008004
1.790000	2.549617		0.112379		0.008012
1.800000	2.614005		0.108014		0.008020
1.810000	2.675892		0.103538		0.008028
1.820000	2.735215		0.098957		0.008036
1.830000	2.791913		0.094273		0.008043
1.840000	2.845928		0.089493		0.008051
1.850000	2.897204		0.084620		0.008059
1.860000	2.945688		0.079660		0.008067
1.870000	2.991329		0.074616		0.008075
1.880000	3.034081		0.069495		0.008083
1.890000	3.073899		0.064300		0.008091
1.900000	3.110740		0.059037		0.008099
1.910000	3.144566		0.053711		0.008107
1.920000	3.175340		0.048327		0.008115
1.930000	3.203029		0.042890		0.008123
1.940000	3.227603		0.037406		0.008131
1.950000	3.249035		0.031880		0.008139
1.960000	3.267301		0.026317		0.008147
1.970000	3.282379		0.020723		0.008155
1.980000	3.294252		0.015103		0.008163
1.990000	3.302906		0.009462		0.008171
2.000000	3.308327		0.003807		0.008179
2.010000	3.310509		-0.001857		0.008187
2.020000	3.309444		-0.007525		0.008195
2.030000	3.305133		-0.013192		0.008203
2.040000	3.297574		-0.018851		0.008211
2.050000	3.286774		-0.024497		0.008219
2.060000	3.272738		-0.030124		0.008227
2.070000	3.255478		-0.035728		0.008235
2.080000	3.235008		-0.041302		0.008243
2.090000	3.211344		-0.046840		0.008251
2.100000	3.184506		-0.052339		0.008259
2.110000	3.154519		-0.057791		0.008267
2.120000	3.121407		-0.063192		0.008276
2.130000	3.085200		-0.068537		0.008284
2.140000	3.045932		-0.073819		0.008292
2.150000	3.003636		-0.079034		0.008300
2.160000	2.958353		-0.084177		0.008308
2.170000	2.910123		-0.089242		0.008316
2.180000	2.858991		-0.094225		0.008324
2.190000	2.805005		-0.099120		0.008333
2.200000	2.748213		-0.103922		0.008341
2.210000	2.688670		-0.108628		0.008349
2.220000	2.626431		-0.113231		0.008357
2.230000	2.561554		-0.117728		0.008365
2.240000	2.494101		-0.122114		0.008373
2.250000	2.424135		-0.126384		0.008382
2.260000	2.351722		-0.130535		0.008390
2.270000	2.276931		-0.134561		0.008398
2.280000	2.199833		-0.138460		0.008406
2.290000	2.120501		-0.142226		0.008415
2.300000	2.039012		-0.145857		0.008423
2.310000	1.955442		-0.149348		0.008431
2.320000	1.869872		-0.152696		0.008439
2.330000	1.782383		-0.155898		0.008448
2.340000	1.693060		-0.158949		0.008456
2.350000	1.601989		-0.161848		0.008464
2.360000	1.509257		-0.164591		0.008473
2.370000	1.414953		-0.167175		0.008481
2.380000	1.319169		-0.169598		0.008489
2.390000	1.221996		-0.171856		0.008498
2.400000	1.123530		-0.173949		0.008506
2.410000	1.023865		-0.175872		0.008514
2.420000	0.923097		-0.177625		0.008523
2.430000	0.821325		-0.179206		0.008531
2.440000	0.718648		-0.180612		0.008539
2.450000	0.615165		-0.181843		0.008548
2.460000	0.510977		-0.182896		0.008556
2.470000	0.406185		-0.183771		0.008565
2.480000	0.300892		-0.184466		0.008573
2.490000	0.195201		-0.184981		0.008581
2.500000	0.089214		-0.185316		0.008590
2.510000	-0.016964		-0.185468		0.008598
2.520000	-0.123230		-0.185439		0.008607
2.530000	-0.229478		-0.185228		0.008615
2.540000	-0.335606		-0.184835		0.008624
2.550000	-0.441509		-0.184261		0.008632
2.560000	-0.547083		-0.183505		0.008640
2.570000	-0.652224		-0.182568		0.008649
2.580000	-0.756827		-0.181451		0.008657
2.590000	-0.860791		-0.180156		0.008666
2.600000	-0.964013		-0.178682		0.008674
2.610000	-1.066390		-0.177031		0.008683
2.620000	-1.167822		-0.175205		0.008691
2.630000	-1.268207		-0.173206		0.008700
2.640000	-1.367447		-0.171035		0.008708
2.650000	-1.465442		-0.168693		0.008717
2.660000	-1.562096		-0.166184		0.008726
2.670000	-1.657313		-0.163510		0.008734
2.680000	-1.750997		-0.160672		0.008743
2.690000	-1.843055		-0.157674		0.008751
2.700000	-1.933396		-0.154518		0.008760
2.710000	-2.021928		-0.151208		0.008768
2.720000	-2.108564		-0.147746		0.008777
2.730000	-2.193217		-0.144136		0.008786
2.740000	-2.275800		-0.140381		0.008794
2.750000	-2.356233		-0.136484		0.008803
2.760000	-2.434432		-0.132450		0.008812
2.770000	-2.510321		-0.128282		0.008820
2.780000	-2.583821		-0.123984		0.008829
2.790000	-2.654858		-0.119560		0.008838
2.800000	-2.723361		-0.115014		0.008846
2.810000	-2.789259		-0.110351		0.008855
2.820000	-2.852486		-0.105576		0.008864
2.830000	-2.912976		-0.100692		0.008872
2.840000	-2.970669		-0.095704		0.008881
2.850000	-3.025503		-0.090618		0.008890
2.860000	-3.077423		-0.085438		0.008898
2.870000	-3.126376		-0.080169		0.008907
2.880000	-3.172309		-0.074816		0.008916
2.890000	-3.215175		-0.069384		0.008925
2.900000	-3.254930		-0.063879		0.008933
2.910000	-3.291530		-0.058306		0.008942
2.920000	-3.324937		-0.052671		0.008951
2.930000	-3.355115		-0.046978		0.008960
2.940000	-3.382032		-0.041233		0.008969
2.950000	-3.405657		-0.035443		0.008977
2.960000	-3.425964		-0.029612		0.008986
2.970000	-3.442930		-0.023746		0.008995
2.980000	-3.456535		-0.017851		0.009004
2.990000	-3.466763		-0.011933		0.009013
3.000000	-3.473600		-0.005997		0.009021
3.010000	-3.477037		-0.000050		0.009030
3.020000	-3.477065		0.005903		0.009039
3.030000	-3.473683		0.011857		0.009048
3.040000	-3.466889		0.017804		0.009057
3.050000	-3.456688		0.023740		0.009066
3.060000	-3.443086		0.029659		0.009075
3.070000	-3.426093		0.035554		0.009084
3.080000	-3.405722		0.041420		0.009093
3.090000	-3.381990		0.047251		0.009101
3.100000	-3.354918		0.053042		0.009110
3.110000	-3.324527		0.058786		0.009119
3.120000	-3.290845		0.064478		0.009128
3.130000	-3.253902		0.070112		0.009137
3.140000	-3.213731		0.075684		0.009146
3.150000	-3.170367		0.081186		0.009155
3.160000	-3.123851		0.086614		0.009164
3.170000	-3.074225		0.091963		0.009173
3.180000	-3.021534		0.097226		0.009182
3.190000	-2.965828		0.102400		0.009191
3.200000	-2.907157		0.107478		0.009200
3.210000	-2.845577		0.112455		0.009209
3.220000	-2.781145		0.117327		0.009218
3.230000	-2.713921		0.122089		0.009227
3.240000	-2.643969		0.126736		0.009236
3.250000	-2.571355		0.131263		0.009245
3.260000	-2.496147		0.135665		0.009254
3.270000	-2.418416		0.139939		0.009264
3.280000	-2.338237		0.144080		0.009273
3.290000	-2.255685		0.148083		0.009282
3.300000	-2.170840		0.151945		0.009291
3.310000	-2.083781		0.155662		0.009300
3.320000	-1.994593		0.159230		0.009309
3.330000	-1.903361		0.162645		0.009318
3.340000	-1.810173		0.165904		0.009327
3.350000	-1.715117		0.169003		0.009336
3.360000	-1.618285		0.171940		0.009346
3.370000	-1.519770		0.174711		0.009355
3.380000	-1.419669		0.177313		0.009364
3.390000	-1.318076		0.179744		0.009373
3.400000	-1.215090		0.182000		0.009382
3.410000	-1.110812		0.184081		0.009392
3.420000	-1.005341		0.185983		0.009401
3.430000	-0.898781		0.187704		0.009410
3.440000	-0.791235		0.189243		0.009419
3.450000	-0.682807		0.190598		0.009428
3.460000	-0.573602		0.191767		0.009438
3.470000	-0.463728		0.192749		0.009447
3.480000	-0.353291		0.193543		0.009456
3.490000	-0.242399		0.194148		0.009466
3.500000	-0.131161		0.194563		0.009475
3.510000	-0.019685		0.194787		0.009484
3.520000	0.091920		0.194821		0.009493
3.530000	0.203544		0.194664		0.009503
3.540000	0.315078		0.194315		0.009512
3.550000	0.426412		0.193776		0.009521
3.560000	0.537438		0.193045		0.009531
3.570000	0.648044		0.192125		0.009540
3.580000	0.758124		0.191016		0.009549
3.590000	0.867568		0.189718		0.009559
3.600000	0.976268		0.188232		0.009568
3.610000	1.084117		0.186561		0.009578
3.620000	1.191009		0.184705		0.009587
3.630000	1.296837		0.182665		0.009596
3.640000	1.401496		0.180445		0.009606
3.650000	1.504884		0.178045		0.009615
3.660000	1.606896		0.175469		0.009625
3.670000	1.707432		0.172717		0.009634
3.680000	1.806392		0.169794		0.009644
3.690000	1.903677		0.166701		0.009653
3.700000	1.999189		0.163442		0.009663
3.710000	2.092835		0.160019		0.009672
3.720000	2.184519		0.156436		0.009681
3.730000	2.274150		0.152695		0.009691
3.740000	2.361638		0.148802		0.009700
3.750000	2.446895		0.144758		0.009710
3.760000	2.529835		0.140569		0.009720
3.770000	2.610375		0.136237		0.009729
3.780000	2.688433		0.131768		0.009739
3.790000	2.763930		0.127165		0.009748
3.800000	2.836790		0.122432		0.009758
3.810000	2.906938		0.117575		0.009767
3.820000	2.974304		0.112598		0.009777
3.830000	3.038818		0.107506		0.009786
3.840000	3.100414		0.102303		0.009796
3.850000	3.159029		0.096994		0.009806
3.860000	3.214603		0.091585		0.009815
3.870000	3.267077		0.086081		0.009825
3.880000	3.316398		0.080488		0.009835
3.890000	3.362514		0.074809		0.009844
3.900000	3.405377		0.069052		0.009854
3.910000	3.444941		0.063222		0.009864
3.920000	3.481164		0.057323		0.009873
3.930000	3.514008		0.051363		0.009883
3.940000	3.543437		0.045346		0.009893
3.950000	3.569418		0.039279		0.009902
3.960000	3.591924		0.033168		0.009912
3.970000	3.610928		0.027018		0.009922
3.980000	3.626408		0.020835		0.009932
3.990000	3.638346		0.014626		0.009941
4.000000	3.646726		0.008397		0.009951
4.010000	3.651537		0.002153		0.009961
4.020000	3.652771		-0.004099		0.009971
4.030000	3.650422		-0.010353		0.009980
4.040000	3.644490		-0.016603		0.009990
4.050000	3.634978		-0.022843		0.010000
4.060000	3.621889		-0.029067		0.010010
4.070000	3.605235		-0.035268		0.010020
4.080000	3.585028		-0.041441		0.010029
4.090000	3.561284		-0.047579		0.010039
4.100000	3.534024		-0.053677		0.010049
4.110000	3.503269		-0.059727		0.010059
4.120000	3.469048		-0.065726		0.010069
4.130000	3.431390		-0.071665		0.010079
4.140000	3.390329		-0.077540		0.010089
4.150000	3.345902		-0.083345		0.010098
4.160000	3.298148		-0.089074		0.010108
4.170000	3.247113		-0.094721		0.010118
4.180000	3.192842		-0.100280		0.010128
4.190000	3.135385		-0.105747		0.010138
4.200000	3.074797		-0.111115		0.010148
4.210000	3.011132		-0.116380		0.010158
4.220000	2.944451		-0.121536		0.010168
4.230000	2.874817		-0.126577		0.010178
4.240000	2.802293		-0.131499		0.010188
4.250000	2.726950		-0.136297		0.010198
4.260000	2.648857		-0.140966		0.010208
4.270000	2.568090		-0.145501		0.010218
4.280000	2.484724		-0.149898		0.010228
4.290000	2.398838		-0.154153		0.010238
4.300000	2.310515		-0.158260		0.010248
4.310000	2.219839		-0.162216		0.010258
4.320000	2.126896		-0.166017		0.010268
4.330000	2.031776		-0.169658		0.010278
4.340000	1.934569		-0.173137		0.010288
4.350000	1.835368		-0.176449		0.010298
4.360000	1.734271		-0.179592		0.010309
4.370000	1.631372		-0.182561		0.010319
4.380000	1.526772		-0.185354		0.010329
4.390000	1.420572		-0.187968		0.010339
4.400000	1.312874		-0.190401		0.010349
4.410000	1.203783		-0.192648		0.010359
4.420000	1.093403		-0.194710		0.010369
4.430000	0.981843		-0.196582		0.010380
4.440000	0.869210		-0.198263		0.010390
4.450000	0.755614		-0.199751		0.010400
4.460000	0.641165		-0.201045		0.010410
4.470000	0.525975		-0.202142		0.010420
4.480000	0.410156		-0.203043		0.010431
4.490000	0.293820		-0.203745		0.010441
4.500000	0.177083		-0.204248		0.010451
4.510000	0.060057		-0.204552		0.010461
4.520000	-0.057142		-0.204654		0.010472
4.530000	-0.174400		-0.204557		0.010482
4.540000	-0.291603		-0.204258		0.010492
4.550000	-0.408634		-0.203759		0.010502
4.560000	-0.525379		-0.203059		0.010513
4.570000	-0.641723		-0.202159		0.010523
4.580000	-0.757552		-0.201061		0.010533
4.590000	-0.872751		-0.199764		0.010544
4.600000	-0.987207		-0.198269		0.010554
4.610000	-1.100807		-0.196579		0.010564
4.620000	-1.213439		-0.194694		0.010575
4.630000	-1.324991		-0.192617		0.010585
4.640000	-1.435352		-0.190348		0.010596
4.650000	-1.544413		-0.187891		0.010606
4.660000	-1.652067		-0.185246		0.010616
4.670000	-1.758205		-0.182418		0.010627
4.680000	-1.862723		-0.179407		0.010637
4.690000	-1.965516		-0.176218		0.010648
4.700000	-2.066481		-0.172853		0.010658
4.710000	-2.165518		-0.169315		0.010669
4.720000	-2.262528		-0.165607		0.010679
4.730000	-2.357414		-0.161733		0.010690
4.740000	-2.450080		-0.157697		0.010700
4.750000	-2.540434		-0.153502		0.010711
4.760000	-2.628384		-0.149152		0.010721
4.770000	-2.713842		-0.144652		0.010732
4.780000	-2.796721		-0.140005		0.010742
4.790000	-2.876938		-0.135217		0.010753
4.800000	-2.954412		-0.130291		0.010763
4.810000	-3.029063		-0.125233		0.010774
4.820000	-3.100816		-0.120046		0.010784
4.830000	-3.169598		-0.114737		0.010795
4.840000	-3.235337		-0.109310		0.010805
4.850000	-3.297968		-0.103771		0.010816
4.860000	-3.357424		-0.098124		0.010827
4.870000	-3.413645		-0.092376		0.010837
4.880000	-3.466572		-0.086531		0.010848
4.890000	-3.516151		-0.080596		0.010859
4.900000	-3.562329		-0.074575		0.010869
4.910000	-3.605058		-0.068476		0.010880
4.920000	-3.644291		-0.062304		0.010891
4.930000	-3.679989		-0.056064		0.010901
4.940000	-3.712111		-0.049763		0.010912
4.950000	-3.740623		-0.043408		0.010923
4.960000	-3.765494		-0.037003		0.010933
4.970000	-3.786695		-0.030556		0.010944
4.980000	-3.804202		-0.024072		0.010955
4.990000	-3.817995		-0.017559		0.010966
5.000000	-3.828055		-0.011022		0.010976
5.010000	-3.834370		-0.004468		0.010987
5.020000	-3.836930		0.002098		0.010998
5.030000	-3.835728		0.008667		0.011009
5.040000	-3.830762		0.015234		0.011019
5.050000	-3.822034		0.021793		0.011030
5.060000	-3.809547		0.028337		0.011041
5.070000	-3.793311		0.034860		0.011052
5.080000	-3.773338		0.041355		0.011063
5.090000	-3.749643		0.047815		0.011074
5.100000	-3.722247		0.054235		0.011085
5.110000	-3.691173		0.060608		0.011095
5.120000	-3.656447		0.066928		0.011106
5.130000	-3.618100		0.073189		0.011117
5.140000	-3.576166		0.079384		0.011128
5.150000	-3.530682		0.085507		0.011139
5.160000	-3.481691		0.091552		0.011150
5.170000	-3.429235		0.097513		0.011161
5.180000	-3.373365		0.103384		0.011172
5.190000	-3.314130		0.109160		0.011183
5.200000	-3.251586		0.114834		0.011194
5.210000	-3.185790		0.120402		0.011205
5.220000	-3.116805		0.125856		0.011216
5.230000	-3.044695		0.131193		0.011227
5.240000	-2.969527		0.136406		0.011238
5.250000	-2.891372		0.141490		0.011249
5.260000	-2.810304		0.146441		0.011260
5.270000	-2.726400		0.151252		0.011271
5.280000	-2.639739		0.155920		0.011282
5.290000	-2.550403		0.160440		0.011293
5.300000	-2.458478		0.164807		0.011304
5.310000	-2.364050		0.169016		0.011315
5.320000	-2.267211		0.173064		0.011326
5.330000	-2.168053		0.176946		0.011337
5.340000	-2.066671		0.180658		0.011348
5.350000	-1.963161		0.184196		0.011360
5.360000	-1.857625		0.187557		0.011371
5.370000	-1.750162		0.190738		0.011382
5.380000	-1.640877		0.193735		0.011393
5.390000	-1.529876		0.196544		0.011404
5.400000	-1.417264		0.199163		0.011415
5.410000	-1.303152		0.201590		0.011427
5.420000	-1.187649		0.203821		0.011438
5.430000	-1.070868		0.205855		0.011449
5.440000	-0.952922		0.207688		0.011460
5.450000	-0.833926		0.209320		0.011472
5.460000	-0.713994		0.210748		0.011483
5.470000	-0.593245		0.211970		0.011494
5.480000	-0.471795		0.212986		0.011505
5.490000	-0.349763		0.213794		0.011517
5.500000	-0.227268		0.214392		0.011528
5.510000	-0.104430		0.214782		0.011539
5.520000	0.018630		0.214960		0.011551
5.530000	0.141794		0.214928		0.011562
5.540000	0.264939		0.214686		0.011573
5.550000	0.387944		0.214232		0.011585
5.560000	0.510690		0.213568		0.011596
5.570000	0.633056		0.212693		0.011607
5.580000	0.754920		0.211610		0.011619
5.590000	0.876164		0.210317		0.011630
5.600000	0.996666		0.208817		0.011642
5.610000	1.116310		0.207110		0.011653
5.620000	1.234975		0.205199		0.011664
5.630000	1.352546		0.203085		0.011676
5.640000	1.468905		0.200769		0.011687
5.650000	1.583937		0.198254		0.011699
5.660000	1.697528		0.195542		0.011710
5.670000	1.809565		0.192635		0.011722
5.680000	1.919937		0.189537		0.011733
5.690000	2.028534		0.186250		0.011745
5.700000	2.135247		0.182777		0.011756
5.710000	2.239970		0.179121		0.011768
5.720000	2.342599		0.175286		0.011779
5.730000	2.443030		0.171275		0.011791
5.740000	2.541163		0.167092		0.011802
5.750000	2.636900		0.162741		0.011814
5.760000	2.730144		0.158226		0.011826
5.770000	2.820801		0.153552		0.011837
5.780000	2.908779		0.148722		0.011849
5.790000	2.993991		0.143742		0.011861
5.800000	3.076348		0.138615		0.011872
5.810000	3.155769		0.133348		0.011884
5.820000	3.232172		0.127945		0.011895
5.830000	3.305479		0.122411		0.011907
5.840000	3.375615		0.116751		0.011919
5.850000	3.442509		0.110972		0.011930
5.860000	3.506091		0.105078		0.011942
5.870000	3.566296		0.099075		0.011954
5.880000	3.623062		0.092969		0.011966
5.890000	3.676329		0.086765		0.011977
5.900000	3.726042		0.080471		0.011989
5.910000	3.772148		0.074091		0.012001
5.920000	3.814599		0.067633		0.012013
5.930000	3.853350		0.061101		0.012024
5.940000	3.888358		0.054504		0.012036
5.950000	3.919587		0.047846		0.012048
5.960000	3.947000		0.041135		0.012060
5.970000	3.970569		0.034377		0.012072
5.980000	3.990266		0.027579		0.012084
5.990000	4.006068		0.020747		0.012095
6.000000	4.017955		0.013888		0.012107
6.010000	4.025912		0.007009		0.012119
6.020000	4.029928		0.000116		0.012131
6.030000	4.029994		-0.006784		0.012143
6.040000	4.026107		-0.013684		0.012155
6.050000	4.018266		-0.020578		0.012167
6.060000	4.006476		-0.027458		0.012179
6.070000	3.990744		-0.034317		0.012191
6.080000	3.971081		-0.041150		0.012203
6.090000	3.947504		-0.047949		0.012215
6.100000	3.920031		-0.054708		0.012227
6.110000	3.888685		-0.061420		0.012239
6.120000	3.853494		-0.068078		0.012251
6.130000	3.814488		-0.074676		0.012263
6.140000	3.771702		-0.081207		0.012275
6.150000	3.725174		-0.087665		0.012287
6.160000	3.674946		-0.094043		0.012299
6.170000	3.621063		-0.100335		0.012311
6.180000	3.563575		-0.106535		0.012323
6.190000	3.502535		-0.112636		0.012335
6.200000	3.438000		-0.118633		0.012347
6.210000	3.370028		-0.124520		0.012359
6.220000	3.298683		-0.130290		0.012371
6.230000	3.224033		-0.135938		0.012383
6.240000	3.146146		-0.141458		0.012396
6.250000	3.065097		-0.146844		0.012408
6.260000	2.980961		-0.152092		0.012420
6.270000	2.893819		-0.157196		0.012432
6.280000	2.803752		-0.162151		0.012444
6.290000	2.710846		-0.166952		0.012457
6.300000	2.615190		-0.171593		0.012469
6.310000	2.516874		-0.176071		0.012481
6.320000	2.415993		-0.180380		0.012493
6.330000	2.312643		-0.184516		0.012506
6.340000	2.206923		-0.188476		0.012518
6.350000	2.098934		-0.192255		0.012530
6.360000	1.988780		-0.195848		0.012542
6.370000	1.876568		-0.199254		0.012555
6.380000	1.762404		-0.202467		0.012567
6.390000	1.646399		-0.205484		0.012579
6.400000	1.528665		-0.208303		0.012592
6.410000	1.409316		-0.210920		0.012604
6.420000	1.288468		-0.213333		0.012616
6.430000	1.166237		-0.215539		0.012629
6.440000	1.042742		-0.217536		0.012641
6.450000	0.918103		-0.219322		0.012654
6.460000	0.792441		-0.220894		0.012666
6.470000	0.665878		-0.222250		0.012678
6.480000	0.538538		-0.223390		0.012691
6.490000	0.410545		-0.224312		0.012703
6.500000	0.282023		-0.225015		0.012716
6.510000	0.153099		-0.225498		0.012728
6.520000	0.023898		-0.225760		0.012741
6.530000	-0.105453		-0.225801		0.012753
6.540000	-0.234828		-0.225621		0.012766
6.550000	-0.364099		-0.225219		0.012778
6.560000	-0.493140		-0.224595		0.012791
6.570000	-0.621824		-0.223751		0.012803
6.580000	-0.750023		-0.222686		0.012816
6.590000	-0.877613		-0.221402		0.012828
6.600000	-1.004467		-0.219900		0.012841
6.610000	-1.130460		-0.218180		0.012854
6.620000	-1.255468		-0.216244		0.012866
6.630000	-1.379367		-0.214095		0.012879
6.640000	-1.502034		-0.211733		0.012892
6.650000	-1.623348		-0.209161		0.012904
6.660000	-1.743189		-0.206382		0.012917
6.670000	-1.861437		-0.203397		0.012929
6.680000	-1.977975		-0.200210		0.012942
6.690000	-2.092686		-0.196823		0.012955
6.700000	-2.205458		-0.193240		0.012968
6.710000	-2.316176		-0.189464		0.012980
6.720000	-2.424731		-0.185499		0.012993
6.730000	-2.531014		-0.181347		0.013006
6.740000	-2.634918		-0.177013		0.013019
6.750000	-2.736340		-0.172502		0.013031
6.760000	-2.835176		-0.167817		0.013044
6.770000	-2.931328		-0.162963		0.013057
6.780000	-3.024699		-0.157944		0.013070
6.790000	-3.115194		-0.152765		0.013083
6.800000	-3.202722		-0.147431		0.013095
6.810000	-3.287194		-0.141948		0.013108
6.820000	-3.368523		-0.136319		0.013121
6.830000	-3.446629		-0.130552		0.013134
6.840000	-3.521429		-0.124651		0.013147
6.850000	-3.592849		-0.118621		0.013160
6.860000	-3.660814		-0.112470		0.013173
6.870000	-3.725255		-0.106202		0.013186
6.880000	-3.786104		-0.099824		0.013199
6.890000	-3.843299		-0.093341		0.013211
6.900000	-3.896779		-0.086761		0.013224
6.910000	-3.946489		-0.080089		0.013237
6.920000	-3.992377		-0.073332		0.013250
6.930000	-4.034393		-0.066496		0.013263
6.940000	-4.072493		-0.059589		0.013276
6.950000	-4.106634		-0.052616		0.013289
6.960000	-4.136781		-0.045585		0.013302
6.970000	-4.162899		-0.038502		0.013316
6.980000	-4.184959		-0.031374		0.013329
6.990000	-4.202935		-0.024209		0.013342
7.000000	-4.216806		-0.017013		0.013355
7.010000	-4.226553		-0.009793		0.013368
7.020000	-4.232164		-0.002556		0.013381
7.030000	-4.233629		0.004690		0.013394
7.040000	-4.230942		0.011939		0.013407
7.050000	-4.224101		0.019183		0.013420
7.060000	-4.213110		0.026415		0.013434
7.070000	-4.197976		0.033629		0.013447
7.080000	-4.178708		0.040816		0.013460
7.090000	-4.155322		0.047971		0.013473
7.100000	-4.127837		0.055086		0.013486
7.110000	-4.096275		0.062153		0.013500
7.120000	-4.060664		0.069167		0.013513
7.130000	-4.021034		0.076119		0.013526
7.140000	-3.977421		0.083004		0.013539
7.150000	-3.929864		0.089814		0.013553
7.160000	-3.878404		0.096542		0.013566
7.170000	-3.823089		0.103183		0.013579
7.180000	-3.763970		0.109729		0.013593
7.190000	-3.701100		0.116173		0.013606
7.200000	-3.634538		0.122510		0.013619
7.210000	-3.564345		0.128733		0.013633
7.220000	-3.490586		0.134836		0.013646
7.230000	-3.413331		0.140812		0.013659
7.240000	-3.332651		0.146656		0.013673
7.250000	-3.248623		0.152363		0.013686
7.260000	-3.161326		0.157925		0.013700
7.270000	-3.070842		0.163337		0.013713
7.280000	-2.977256		0.168595		0.013727
7.290000	-2.880658		0.173693		0.013740
7.300000	-2.781140		0.178625		0.013753
7.310000	-2.678795		0.183387		0.013767
7.320000	-2.573722		0.187973		0.013780
7.330000	-2.466021		0.192380		0.013794
7.340000	-2.355796		0.196602		0.013808
7.350000	-2.243151		0.200636		0.013821
7.360000	-2.128195		0.204476		0.013835
7.370000	-2.011039		0.208120		0.013848
7.380000	-1.891795		0.211563		0.013862
7.390000	-1.770578		0.214802		0.013875
7.400000	-1.647505		0.217834		0.013889
7.410000	-1.522696		0.220655		0.013903
7.420000	-1.396270		0.223262		0.013916
7.430000	-1.268350		0.225653		0.013930
7.440000	-1.139061		0.227824		0.013944
7.450000	-1.008527		0.229774		0.013957
7.460000	-0.876876		0.231501		0.013971
7.470000	-0.744235		0.233003		0.013985
7.480000	-0.610735		0.234277		0.013998
7.490000	-0.476504		0.235323		0.014012
7.500000	-0.341674		0.236138		0.014026
7.510000	-0.206377		0.236723		0.014040
7.520000	-0.070744		0.237077		0.014053
7.530000	0.065091		0.237198		0.014067
7.540000	0.200995		0.237086		0.014081
7.550000	0.336836		0.236742		0.014095
7.560000	0.472479		0.236166		0.014109
7.570000	0.607792		0.235357		0.014122
7.580000	0.742641		0.234316		0.014136
7.590000	0.876894		0.233044		0.014150
7.600000	1.010419		0.231543		0.014164
7.610000	1.143083		0.229813		0.014178
7.620000	1.274757		0.227856		0.014192
7.630000	1.405308		0.225673		0.014206
7.640000	1.534610		0.223267		0.014220
7.650000	1.662532		0.220640		0.014234
7.660000	1.788949		0.217793		0.014248
7.670000	1.913736		0.214730		0.014262
7.680000	2.036767		0.211454		0.014276
7.690000	2.157921		0.207966		0.014290
7.700000	2.277077		0.204271		0.014304
7.710000	2.394116		0.200373		0.014318
7.720000	2.508921		0.196274		0.014332
7.730000	2.621377		0.191978		0.014346
7.740000	2.731373		0.187490		0.014360
7.750000	2.838796		0.182813		0.014374
7.760000	2.943541		0.177953		0.014388
7.770000	3.045500		0.172913		0.014402
7.780000	3.144572		0.167698		0.014416
7.790000	3.240656		0.162314		0.014430
7.800000	3.333655		0.156766		0.014445
7.810000	3.423475		0.151058		0.014459
7.820000	3.510025		0.145196		0.014473
7.830000	3.593217		0.139187		0.014487
7.840000	3.672965		0.133035		0.014501
7.850000	3.749188		0.126746		0.014516
7.860000	3.821808		0.120327		0.014530
7.870000	3.890750		0.113783		0.014544
7.880000	3.955943		0.107121		0.014558
7.890000	4.017319		0.100348		0.014573
7.900000	4.074814		0.093470		0.014587
7.910000	4.128368		0.086493		0.014601
7.920000	4.177925		0.079425		0.014616
7.930000	4.223432		0.072271		0.014630
7.940000	4.264840		0.065040		0.014644
7.950000	4.302106		0.057738		0.014659
7.960000	4.335187		0.050372		0.014673
7.970000	4.364048		0.042949		0.014687
7.980000	4.388656		0.035477		0.014702
7.990000	4.408983		0.027963		0.014716
8.000000	4.425005		0.020414		0.014731
8.010000	4.436702		0.012838		0.014745
8.020000	4.444057		0.005242		0.014760
8.030000	4.447060		-0.002367		0.014774
8.040000	4.445704		-0.009981		0.014789
8.050000	4.439985		-0.017593		0.014803
8.060000	4.429905		-0.025195		0.014818
8.070000	4.415469		-0.032780		0.014832
8.080000	4.396688		-0.040340		0.014847
8.090000	4.373575		-0.047868		0.014861
8.100000	4.346148		-0.055356		0.014876
8.110000	4.314432		-0.062797		0.014890
8.120000	4.278451		-0.070185		0.014905
8.130000	4.238238		-0.077510		0.014920
8.140000	4.193829		-0.084767		0.014934
8.150000	4.145261		-0.091947		0.014949
8.160000	4.092579		-0.099044		0.014964
8.170000	4.035831		-0.106052		0.014978
8.180000	3.975068		-0.112962		0.014993
8.190000	3.910345		-0.119768		0.015008
8.200000	3.841724		-0.126463		0.015022
8.210000	3.769266		-0.133040		0.015037
8.220000	3.693039		-0.139494		0.015052
8.230000	3.613115		-0.145817		0.015067
8.240000	3.529568		-0.152003		0.015082
8.250000	3.442476		-0.158047		0.015096
8.260000	3.351922		-0.163941		0.015111
8.270000	3.257991		-0.169680		0.015126
8.280000	3.160772		-0.175258		0.015141
8.290000	3.060356		-0.180670		0.015156
8.300000	2.956840		-0.185910		0.015171
8.310000	2.850322		-0.190972		0.015185
8.320000	2.740903		-0.195853		0.015200
8.330000	2.628687		-0.200545		0.015215
8.340000	2.513783		-0.205046		0.015230
8.350000	2.396301		-0.209350		0.015245
8.360000	2.276352		-0.213453		0.015260
8.370000	2.154052		-0.217351		0.015275
8.380000	2.029520		-0.221039		0.015290
8.390000	1.902874		-0.224514		0.015305
8.400000	1.774237		-0.227772		0.015320
8.410000	1.643734		-0.230809		0.015335
8.420000	1.511490		-0.233624		0.015350
8.430000	1.377633		-0.236212		0.015365
8.440000	1.242294		-0.238570		0.015380
8.450000	1.105603		-0.240697		0.015395
8.460000	0.967694		-0.242590		0.015410
8.470000	0.828700		-0.244247		0.015426
8.480000	0.688756		-0.245666		0.015441
8.490000	0.548000		-0.246845		0.015456
8.500000	0.406568		-0.247784		0.015471
8.510000	0.264598		-0.248480		0.015486
8.520000	0.122230		-0.248933		0.015501
8.530000	-0.020398		-0.249142		0.015517
8.540000	-0.163146		-0.249107		0.015532
8.550000	-0.305874		-0.248828		0.015547
8.560000	-0.448441		-0.248304		0.015562
8.570000	-0.590709		-0.247536		0.015578
8.580000	-0.732537		-0.246525		0.015593
8.590000	-0.873785		-0.245271		0.015608
8.600000	-1.014315		-0.243775		0.015623
8.610000	-1.153988		-0.242038		0.015639
8.620000	-1.292665		-0.240062		0.015654
8.630000	-1.430211		-0.237849		0.015669
8.640000	-1.566488		-0.235400		0.015685
8.650000	-1.701362		-0.232718		0.015700
8.660000	-1.834700		-0.229805		0.015716
8.670000	-1.966368		-0.226664		0.015731
8.680000	-2.096237		-0.223297		0.015747
8.690000	-2.224177		-0.219708		0.015762
8.700000	-2.350060		-0.215900		0.015777
8.710000	-2.473761		-0.211876		0.015793
8.720000	-2.595157		-0.207640		0.015808
8.730000	-2.714126		-0.203197		0.015824
8.740000	-2.830550		-0.198550		0.015839
8.750000	-2.944311		-0.193704		0.015855
8.760000	-3.055295		-0.188662		0.015871
8.770000	-3.163390		-0.183431		0.015886
8.780000	-3.268489		-0.178015		0.015902
8.790000	-3.370484		-0.172419		0.015917
8.800000	-3.469272		-0.166648		0.015933
8.810000	-3.564755		-0.160708		0.015949
8.820000	-3.656834		-0.154605		0.015964
8.830000	-3.745416		-0.148343		0.015980
8.840000	-3.830410		-0.141931		0.015996
8.850000	-3.911730		-0.135372		0.016011
8.860000	-3.989293		-0.128675		0.016027
8.870000	-4.063018		-0.121845		0.016043
8.880000	-4.132830		-0.114888		0.016058
8.890000	-4.198656		-0.107812		0.016074
8.900000	-4.260428		-0.100623		0.016090
8.910000	-4.318080		-0.093328		0.016106
8.920000	-4.371554		-0.085935		0.016121
8.930000	-4.420791		-0.078450		0.016137
8.940000	-4.465740		-0.070881		0.016153
8.950000	-4.506352		-0.063235		0.016169
8.960000	-4.542583		-0.055519		0.016185
8.970000	-4.574393		-0.047742		0.016201
8.980000	-4.601747		-0.039910		0.016217
8.990000	-4.624614		-0.032031		0.016233
9.000000	-4.642966		-0.024113		0.016248
9.010000	-4.656781		-0.016163		0.016264
9.020000	-4.666042		-0.008190		0.016280
9.030000	-4.670735		-0.000201		0.016296
9.040000	-4.670850		0.007796		0.016312
9.050000	-4.666383		0.015794		0.016328
9.060000	-4.657334		0.023783		0.016344
9.070000	-4.643707		0.031757		0.016360
9.080000	-4.625511		0.039708		0.016376
9.090000	-4.602760		0.047628		0.016393
9.100000	-4.575472		0.055508		0.016409
9.110000	-4.543668		0.063342		0.016425
9.120000	-4.507375		0.071122		0.016441
9.130000	-4.466625		0.078839		0.016457
9.140000	-4.421454		0.086487		0.016473
9.150000	-4.371900		0.094057		0.016489
9.160000	-4.318009		0.101543		0.016505
9.170000	-4.259830		0.108936		0.016522
9.180000	-4.197414		0.116229		0.016538
9.190000	-4.130820		0.123416		0.016554
9.200000	-4.060107		0.130489		0.016570
9.210000	-3.985343		0.137440		0.016587
9.220000	-3.906596		0.144264		0.016603
9.230000	-3.823938		0.150953		0.016619
9.240000	-3.737449		0.157500		0.016635
9.250000	-3.647208		0.163899		0.016652
9.260000	-3.553301		0.170144		0.016668
9.270000	-3.455816		0.176227		0.016684
9.280000	-3.354845		0.182144		0.016701
9.290000	-3.250484		0.187888		0.016717
9.300000	-3.142832		0.193454		0.016734
9.310000	-3.031991		0.198835		0.016750
9.320000	-2.918067		0.204026		0.016766
9.330000	-2.801169		0.209022		0.016783
9.340000	-2.681408		0.213818		0.016799
9.350000	-2.558899		0.218409		0.016816
9.360000	-2.433759		0.222791		0.016832
9.370000	-2.306110		0.226958		0.016849
9.380000	-2.176072		0.230906		0.016865
9.390000	-2.043773		0.234632		0.016882
9.400000	-1.909339		0.238131		0.016898
9.410000	-1.772900		0.241400		0.016915
9.420000	-1.634587		0.244436		0.016932
9.430000	-1.494536		0.247235		0.016948
9.440000	-1.352881		0.249793		0.016965
9.450000	-1.209760		0.252110		0.016982
9.460000	-1.065312		0.254181		0.016998
9.470000	-0.919676		0.256005		0.017015
9.480000	-0.772996		0.257580		0.017032
9.490000	-0.625414		0.258903		0.017048
9.500000	-0.477073		0.259974		0.017065
9.510000	-0.328119		0.260791		0.017082
9.520000	-0.178697		0.261353		0.017098
9.530000	-0.028953		0.261659		0.017115
9.540000	0.120966		0.261708		0.017132
9.550000	0.270914		0.261501		0.017149
9.560000	0.420743		0.261037		0.017166
9.570000	0.570307		0.260317		0.017183
9.580000	0.719457		0.259340		0.017199
9.590000	0.868048		0.258109		0.017216
9.600000	1.015934		0.256622		0.017233
9.610000	1.162967		0.254883		0.017250
9.620000	1.309005		0.252892		0.017267
9.630000	1.453901		0.250650		0.017284
9.640000	1.597513		0.248161		0.017301
9.650000	1.739699		0.245426		0.017318
9.660000	1.880318		0.242447		0.017335
9.670000	2.019230		0.239228		0.017352
9.680000	2.156297		0.235771		0.017369
9.690000	2.291384		0.232079		0.017386
9.700000	2.424355		0.228155		0.017403
9.710000	2.555078		0.224005		0.017420
9.720000	2.683423		0.219630		0.017437
9.730000	2.809262		0.215035		0.017454
9.740000	2.932468		0.210225		0.017471
9.750000	3.052919		0.205205		0.017489
9.760000	3.170492		0.199977		0.017506
9.770000	3.285071		0.194549		0.017523
9.780000	3.396539		0.188924		0.017540
9.790000	3.504785		0.183109		0.017557
9.800000	3.609698		0.177108		0.017574
9.810000	3.711174		0.170928		0.017592
9.820000	3.809108		0.164574		0.017609
9.830000	3.903402		0.158052		0.017626
9.840000	3.993959		0.151368		0.017644
9.850000	4.080687		0.144530		0.017661
9.860000	4.163496		0.137543		0.017678
9.870000	4.242303		0.130415		0.017696
9.880000	4.317025		0.123151		0.017713
9.890000	4.387586		0.115760		0.017730
9.900000	4.453911		0.108247		0.017748
9.910000	4.515932		0.100622		0.017765
9.920000	4.573584		0.092890		0.017783
9.930000	4.626806		0.085059		0.017800
9.940000	4.675541		0.077137		0.017817
9.950000	4.719737		0.069132		0.017835
9.960000	4.759347		0.061051		0.017852
9.970000	4.794326		0.052902		0.017870
9.980000	4.824637		0.044693		0.017887
9.990000	4.850244		0.036433		0.017905
10.000000	4.871118		0.028128		0.017923
