Euler-Cromer Method

Time (s)	Angle (deg)		Velocity		Energy
0.000000	3.000000		0.000000		0.006722
0.010000	2.997057		-0.005137		0.006709
0.020000	2.991174		-0.010268		0.006696
0.030000	2.982356		-0.015389		0.006683
0.040000	2.970613		-0.020496		0.006670
0.050000	2.955956		-0.025582		0.006657
0.060000	2.938399		-0.030643		0.006644
0.070000	2.917959		-0.035674		0.006632
0.080000	2.894657		-0.040670		0.006620
0.090000	2.868515		-0.045626		0.006609
0.100000	2.839559		-0.050538		0.006598
0.110000	2.807818		-0.055399		0.006587
0.120000	2.773322		-0.060207		0.006577
0.130000	2.736105		-0.064955		0.006568
0.140000	2.696205		-0.069640		0.006559
0.150000	2.653659		-0.074256		0.006551
0.160000	2.608510		-0.078800		0.006543
0.170000	2.560802		-0.083266		0.006536
0.180000	2.510582		-0.087650		0.006530
0.190000	2.457899		-0.091949		0.006524
0.200000	2.402805		-0.096157		0.006520
0.210000	2.345354		-0.100271		0.006516
0.220000	2.285602		-0.104287		0.006513
0.230000	2.223608		-0.108200		0.006510
0.240000	2.159432		-0.112007		0.006509
0.250000	2.093138		-0.115705		0.006508
0.260000	2.024791		-0.119289		0.006508
0.270000	1.954457		-0.122755		0.006509
0.280000	1.882206		-0.126102		0.006511
0.290000	1.808109		-0.129324		0.006514
0.300000	1.732238		-0.132420		0.006517
0.310000	1.654667		-0.135386		0.006521
0.320000	1.575473		-0.138219		0.006526
0.330000	1.494734		-0.140917		0.006532
0.340000	1.412528		-0.143476		0.006538
0.350000	1.328937		-0.145894		0.006546
0.360000	1.244042		-0.148170		0.006553
0.370000	1.157927		-0.150300		0.006562
0.380000	1.070675		-0.152282		0.006571
0.390000	0.982374		-0.154115		0.006581
0.400000	0.893108		-0.155797		0.006591
0.410000	0.802967		-0.157327		0.006602
0.420000	0.712038		-0.158701		0.006613
0.430000	0.620410		-0.159921		0.006625
0.440000	0.528174		-0.160983		0.006636
0.450000	0.435419		-0.161887		0.006649
0.460000	0.342238		-0.162633		0.006661
0.470000	0.248720		-0.163219		0.006674
0.480000	0.154959		-0.163644		0.006687
0.490000	0.061046		-0.163910		0.006700
0.500000	-0.032928		-0.164014		0.006713
0.510000	-0.126869		-0.163958		0.006727
0.520000	-0.220685		-0.163741		0.006740
0.530000	-0.314285		-0.163363		0.006753
0.540000	-0.407577		-0.162825		0.006766
0.550000	-0.500469		-0.162127		0.006779
0.560000	-0.592870		-0.161270		0.006791
0.570000	-0.684689		-0.160255		0.006803
0.580000	-0.775836		-0.159083		0.006815
0.590000	-0.866223		-0.157754		0.006827
0.600000	-0.955760		-0.156271		0.006838
0.610000	-1.044359		-0.154635		0.006849
0.620000	-1.131933		-0.152847		0.006859
0.630000	-1.218398		-0.150909		0.006868
0.640000	-1.303667		-0.148822		0.006877
0.650000	-1.387657		-0.146590		0.006886
0.660000	-1.470285		-0.144214		0.006893
0.670000	-1.551472		-0.141697		0.006900
0.680000	-1.631136		-0.139041		0.006907
0.690000	-1.709201		-0.136248		0.006912
0.700000	-1.785588		-0.133321		0.006917
0.710000	-1.860224		-0.130264		0.006921
0.720000	-1.933035		-0.127079		0.006924
0.730000	-2.003950		-0.123770		0.006927
0.740000	-2.072899		-0.120338		0.006928
0.750000	-2.139814		-0.116789		0.006929
0.760000	-2.204630		-0.113126		0.006929
0.770000	-2.267283		-0.109351		0.006928
0.780000	-2.327713		-0.105469		0.006927
0.790000	-2.385858		-0.101483		0.006924
0.800000	-2.441664		-0.097398		0.006921
0.810000	-2.495074		-0.093218		0.006917
0.820000	-2.546036		-0.088946		0.006912
0.830000	-2.594500		-0.084587		0.006906
0.840000	-2.640420		-0.080144		0.006900
0.850000	-2.683749		-0.075624		0.006893
0.860000	-2.724445		-0.071029		0.006885
0.870000	-2.762469		-0.066364		0.006877
0.880000	-2.797783		-0.061634		0.006868
0.890000	-2.830352		-0.056844		0.006858
0.900000	-2.860144		-0.051998		0.006848
0.910000	-2.887131		-0.047101		0.006837
0.920000	-2.911286		-0.042157		0.006826
0.930000	-2.932584		-0.037173		0.006815
0.940000	-2.951006		-0.032152		0.006803
0.950000	-2.966532		-0.027099		0.006790
0.960000	-2.979149		-0.022020		0.006778
0.970000	-2.988843		-0.016919		0.006765
0.980000	-2.995605		-0.011802		0.006752
0.990000	-2.999428		-0.006673		0.006739
1.000000	-3.000309		-0.001537		0.006726
1.010000	-2.998246		0.003600		0.006713
1.020000	-2.993242		0.008733		0.006700
1.030000	-2.985302		0.013858		0.006686
1.040000	-2.974433		0.018970		0.006674
1.050000	-2.960647		0.024062		0.006661
1.060000	-2.943956		0.029131		0.006648
1.070000	-2.924377		0.034172		0.006636
1.080000	-2.901929		0.039179		0.006624
1.090000	-2.876634		0.044148		0.006612
1.100000	-2.848517		0.049073		0.006601
1.110000	-2.817606		0.053950		0.006590
1.120000	-2.783931		0.058774		0.006580
1.130000	-2.747525		0.063541		0.006571
1.140000	-2.708423		0.068245		0.006561
1.150000	-2.666665		0.072882		0.006553
1.160000	-2.622290		0.077448		0.006545
1.170000	-2.575343		0.081938		0.006538
1.180000	-2.525870		0.086347		0.006532
1.190000	-2.473919		0.090672		0.006526
1.200000	-2.419541		0.094908		0.006521
1.210000	-2.362789		0.099050		0.006517
1.220000	-2.303719		0.103096		0.006513
1.230000	-2.242390		0.107040		0.006511
1.240000	-2.178861		0.110880		0.006509
1.250000	-2.113194		0.114610		0.006508
1.260000	-2.045454		0.118228		0.006508
1.270000	-1.975708		0.121730		0.006509
1.280000	-1.904023		0.125113		0.006510
1.290000	-1.830471		0.128373		0.006513
1.300000	-1.755122		0.131507		0.006516
1.310000	-1.678052		0.134512		0.006520
1.320000	-1.599336		0.137385		0.006525
1.330000	-1.519051		0.140124		0.006530
1.340000	-1.437276		0.142725		0.006536
1.350000	-1.354091		0.145186		0.006543
1.360000	-1.269577		0.147504		0.006551
1.370000	-1.183818		0.149678		0.006559
1.380000	-1.096898		0.151705		0.006568
1.390000	-1.008902		0.153583		0.006578
1.400000	-0.919916		0.155310		0.006588
1.410000	-0.830027		0.156885		0.006598
1.420000	-0.739324		0.158306		0.006610
1.430000	-0.647896		0.159572		0.006621
1.440000	-0.555832		0.160681		0.006633
1.450000	-0.463223		0.161633		0.006645
1.460000	-0.370160		0.162426		0.006658
1.470000	-0.276734		0.163060		0.006670
1.480000	-0.183036		0.163534		0.006683
1.490000	-0.089158		0.163847		0.006696
1.500000	0.004807		0.164000		0.006709
1.510000	0.098767		0.163992		0.006723
1.520000	0.192631		0.163823		0.006736
1.530000	0.286305		0.163493		0.006749
1.540000	0.379699		0.163003		0.006762
1.550000	0.472720		0.162352		0.006775
1.560000	0.565277		0.161543		0.006787
1.570000	0.657280		0.160575		0.006800
1.580000	0.748638		0.159450		0.006812
1.590000	0.839261		0.158168		0.006823
1.600000	0.929062		0.156731		0.006835
1.610000	1.017950		0.155140		0.006845
1.620000	1.105841		0.153397		0.006856
1.630000	1.192646		0.151504		0.006865
1.640000	1.278282		0.149462		0.006875
1.650000	1.362663		0.147273		0.006883
1.660000	1.445708		0.144940		0.006891
1.670000	1.527334		0.142465		0.006898
1.680000	1.607462		0.139850		0.006905
1.690000	1.686013		0.137098		0.006911
1.700000	1.762911		0.134211		0.006916
1.710000	1.838078		0.131193		0.006920
1.720000	1.911443		0.128045		0.006923
1.730000	1.982933		0.124773		0.006926
1.740000	2.052477		0.121378		0.006928
1.750000	2.120008		0.117863		0.006929
1.760000	2.185459		0.114234		0.006929
1.770000	2.248766		0.110492		0.006929
1.780000	2.309867		0.106642		0.006927
1.790000	2.368702		0.102687		0.006925
1.800000	2.425213		0.098631		0.006922
1.810000	2.479346		0.094479		0.006918
1.820000	2.531046		0.090234		0.006914
1.830000	2.580263		0.085900		0.006908
1.840000	2.626949		0.081482		0.006902
1.850000	2.671058		0.076984		0.006895
1.860000	2.712546		0.072411		0.006888
1.870000	2.751374		0.067767		0.006879
1.880000	2.787502		0.063056		0.006871
1.890000	2.820896		0.058283		0.006861
1.900000	2.851522		0.053453		0.006851
1.910000	2.879352		0.048571		0.006841
1.920000	2.904356		0.043641		0.006830
1.930000	2.926511		0.038668		0.006818
1.940000	2.945796		0.033658		0.006806
1.950000	2.962191		0.028614		0.006794
1.960000	2.975679		0.023542		0.006782
1.970000	2.986249		0.018447		0.006769
1.980000	2.993889		0.013334		0.006756
1.990000	2.998592		0.008208		0.006743
2.000000	3.000354		0.003074		0.006730
2.010000	2.999172		-0.002063		0.006717
2.020000	2.995048		-0.007198		0.006704
2.030000	2.987986		-0.012326		0.006690
2.040000	2.977992		-0.017442		0.006677
2.050000	2.965077		-0.022541		0.006665
2.060000	2.949254		-0.027617		0.006652
2.070000	2.930537		-0.032667		0.006640
2.080000	2.908945		-0.037685		0.006627
2.090000	2.884500		-0.042665		0.006616
2.100000	2.857225		-0.047604		0.006604
2.110000	2.827147		-0.052496		0.006594
2.120000	2.794296		-0.057336		0.006583
2.130000	2.758703		-0.062121		0.006573
2.140000	2.720404		-0.066844		0.006564
2.150000	2.679437		-0.071502		0.006555
2.160000	2.635840		-0.076090		0.006547
2.170000	2.589659		-0.080603		0.006540
2.180000	2.540936		-0.085037		0.006533
2.190000	2.489721		-0.089387		0.006528
2.200000	2.436064		-0.093650		0.006522
2.210000	2.380017		-0.097821		0.006518
2.220000	2.321635		-0.101896		0.006514
2.230000	2.260975		-0.105871		0.006512
2.240000	2.198098		-0.109742		0.006510
2.250000	2.133064		-0.113505		0.006508
2.260000	2.065937		-0.117158		0.006508
2.270000	1.996784		-0.120695		0.006509
2.280000	1.925672		-0.124114		0.006510
2.290000	1.852671		-0.127411		0.006512
2.300000	1.777853		-0.130583		0.006515
2.310000	1.701290		-0.133627		0.006519
2.320000	1.623059		-0.136540		0.006523
2.330000	1.543235		-0.139319		0.006528
2.340000	1.461898		-0.141961		0.006534
2.350000	1.379126		-0.144464		0.006541
2.360000	1.295001		-0.146825		0.006549
2.370000	1.209606		-0.149043		0.006557
2.380000	1.123024		-0.151114		0.006566
2.390000	1.035341		-0.153036		0.006575
2.400000	0.946642		-0.154809		0.006585
2.410000	0.857014		-0.156430		0.006595
2.420000	0.766546		-0.157897		0.006606
2.430000	0.675325		-0.159210		0.006618
2.440000	0.583442		-0.160366		0.006629
2.450000	0.490987		-0.161365		0.006641
2.460000	0.398050		-0.162206		0.006654
2.470000	0.304723		-0.162887		0.006666
2.480000	0.211096		-0.163409		0.006679
2.490000	0.117263		-0.163770		0.006692
2.500000	0.023314		-0.163971		0.006706
2.510000	-0.070657		-0.164011		0.006719
2.520000	-0.164559		-0.163890		0.006732
2.530000	-0.258300		-0.163608		0.006745
2.540000	-0.351787		-0.163166		0.006758
2.550000	-0.444929		-0.162564		0.006771
2.560000	-0.537635		-0.161802		0.006784
2.570000	-0.629813		-0.160881		0.006796
2.580000	-0.721373		-0.159803		0.006808
2.590000	-0.812226		-0.158568		0.006820
2.600000	-0.902282		-0.157177		0.006831
2.610000	-0.991453		-0.155632		0.006842
2.620000	-1.079651		-0.153935		0.006853
2.630000	-1.166790		-0.152086		0.006863
2.640000	-1.252784		-0.150089		0.006872
2.650000	-1.337550		-0.147944		0.006881
2.660000	-1.421003		-0.145653		0.006889
2.670000	-1.503062		-0.143220		0.006896
2.680000	-1.583647		-0.140647		0.006903
2.690000	-1.662678		-0.137935		0.006909
2.700000	-1.740078		-0.135089		0.006914
2.710000	-1.815771		-0.132109		0.006919
2.720000	-1.889683		-0.129000		0.006923
2.730000	-1.961741		-0.125765		0.006925
2.740000	-2.031875		-0.122406		0.006928
2.750000	-2.100015		-0.118927		0.006929
2.760000	-2.166096		-0.115332		0.006929
2.770000	-2.230051		-0.111623		0.006929
2.780000	-2.291818		-0.107805		0.006928
2.790000	-2.351338		-0.103881		0.006926
2.800000	-2.408550		-0.099855		0.006923
2.810000	-2.463400		-0.095731		0.006919
2.820000	-2.515833		-0.091513		0.006915
2.830000	-2.565799		-0.087206		0.006910
2.840000	-2.613247		-0.082813		0.006904
2.850000	-2.658132		-0.078338		0.006897
2.860000	-2.700408		-0.073787		0.006890
2.870000	-2.740036		-0.069164		0.006882
2.880000	-2.776976		-0.064472		0.006873
2.890000	-2.811192		-0.059718		0.006864
2.900000	-2.842650		-0.054904		0.006854
2.910000	-2.871319		-0.050037		0.006844
2.920000	-2.897172		-0.045121		0.006833
2.930000	-2.920182		-0.040161		0.006822
2.940000	-2.940328		-0.035161		0.006810
2.950000	-2.957589		-0.030126		0.006798
2.960000	-2.971949		-0.025063		0.006785
2.970000	-2.983393		-0.019974		0.006773
2.980000	-2.991911		-0.014866		0.006760
2.990000	-2.997493		-0.009743		0.006747
3.000000	-3.000135		-0.004611		0.006734
3.010000	-2.999834		0.000526		0.006721
3.020000	-2.996590		0.005662		0.006707
3.030000	-2.990406		0.010792		0.006694
3.040000	-2.981289		0.015913		0.006681
3.050000	-2.969247		0.021017		0.006668
3.060000	-2.954293		0.026101		0.006656
3.070000	-2.936440		0.031159		0.006643
3.080000	-2.915706		0.036187		0.006631
3.090000	-2.892113		0.041179		0.006619
3.100000	-2.865682		0.046131		0.006608
3.110000	-2.836440		0.051037		0.006597
3.120000	-2.804415		0.055894		0.006586
3.130000	-2.769639		0.060695		0.006576
3.140000	-2.732146		0.065437		0.006567
3.150000	-2.691973		0.070115		0.006558
3.160000	-2.649159		0.074724		0.006550
3.170000	-2.603746		0.079260		0.006542
3.180000	-2.555779		0.083718		0.006535
3.190000	-2.505305		0.088094		0.006529
3.200000	-2.452373		0.092384		0.006524
3.210000	-2.397035		0.096583		0.006519
3.220000	-2.339346		0.100687		0.006515
3.230000	-2.279362		0.104692		0.006512
3.240000	-2.217142		0.108595		0.006510
3.250000	-2.152747		0.112391		0.006509
3.260000	-2.086239		0.116077		0.006508
3.270000	-2.017686		0.119649		0.006508
3.280000	-1.947153		0.123103		0.006509
3.290000	-1.874710		0.126437		0.006511
3.300000	-1.800427		0.129647		0.006514
3.310000	-1.724379		0.132730		0.006517
3.320000	-1.646639		0.135682		0.006522
3.330000	-1.567283		0.138501		0.006527
3.340000	-1.486391		0.141185		0.006533
3.350000	-1.404039		0.143730		0.006539
3.360000	-1.320311		0.146134		0.006546
3.370000	-1.235287		0.148394		0.006554
3.380000	-1.149052		0.150509		0.006563
3.390000	-1.061689		0.152477		0.006572
3.400000	-0.973285		0.154294		0.006582
3.410000	-0.883926		0.155961		0.006592
3.420000	-0.793700		0.157474		0.006603
3.430000	-0.702695		0.158833		0.006614
3.440000	-0.611001		0.160036		0.006626
3.450000	-0.518707		0.161083		0.006638
3.460000	-0.425905		0.161971		0.006650
3.470000	-0.332685		0.162700		0.006663
3.480000	-0.239138		0.163270		0.006675
3.490000	-0.145357		0.163679		0.006688
3.500000	-0.051433		0.163928		0.006702
3.510000	0.042541		0.164016		0.006715
3.520000	0.136473		0.163943		0.006728
3.530000	0.230272		0.163709		0.006741
3.540000	0.323844		0.163315		0.006754
3.550000	0.417099		0.162761		0.006767
3.560000	0.509945		0.162046		0.006780
3.570000	0.602291		0.161173		0.006792
3.580000	0.694045		0.160142		0.006805
3.590000	0.785119		0.158954		0.006816
3.600000	0.875423		0.157610		0.006828
3.610000	0.964868		0.156111		0.006839
3.620000	1.053366		0.154459		0.006850
3.630000	1.140831		0.152655		0.006860
3.640000	1.227177		0.150702		0.006869
3.650000	1.312319		0.148601		0.006878
3.660000	1.396173		0.146354		0.006886
3.670000	1.478658		0.143963		0.006894
3.680000	1.559693		0.141432		0.006901
3.690000	1.639197		0.138761		0.006907
3.700000	1.717093		0.135955		0.006913
3.710000	1.793305		0.133015		0.006918
3.720000	1.867758		0.129944		0.006921
3.730000	1.940378		0.126746		0.006925
3.740000	2.011095		0.123424		0.006927
3.750000	2.079838		0.119981		0.006929
3.760000	2.146542		0.116420		0.006929
3.770000	2.211140		0.112744		0.006929
3.780000	2.273568		0.108959		0.006928
3.790000	2.333767		0.105066		0.006926
3.800000	2.391676		0.101070		0.006924
3.810000	2.447238		0.096975		0.006921
3.820000	2.500400		0.092785		0.006916
3.830000	2.551109		0.088504		0.006911
3.840000	2.599316		0.084136		0.006906
3.850000	2.644972		0.079686		0.006899
3.860000	2.688034		0.075157		0.006892
3.870000	2.728458		0.070555		0.006884
3.880000	2.766207		0.065883		0.006876
3.890000	2.801241		0.061147		0.006867
3.900000	2.833528		0.056351		0.006857
3.910000	2.863034		0.051499		0.006847
3.920000	2.889733		0.046597		0.006836
3.930000	2.913596		0.041649		0.006825
3.940000	2.934601		0.036661		0.006813
3.950000	2.952727		0.031636		0.006801
3.960000	2.967957		0.026581		0.006789
3.970000	2.980275		0.021499		0.006777
3.980000	2.989669		0.016396		0.006764
3.990000	2.996131		0.011278		0.006751
4.000000	2.999653		0.006148		0.006738
4.010000	3.000233		0.001012		0.006725
4.020000	2.997869		-0.004125		0.006711
4.030000	2.992565		-0.009258		0.006698
4.040000	2.984325		-0.014382		0.006685
4.050000	2.973157		-0.019491		0.006672
4.060000	2.959072		-0.024582		0.006659
4.070000	2.942085		-0.029648		0.006647
4.080000	2.922212		-0.034686		0.006635
4.090000	2.899471		-0.039689		0.006623
4.100000	2.873887		-0.044653		0.006611
4.110000	2.845483		-0.049574		0.006600
4.120000	2.814288		-0.054446		0.006589
4.130000	2.780332		-0.059265		0.006579
4.140000	2.743648		-0.064025		0.006570
4.150000	2.704273		-0.068723		0.006561
4.160000	2.662245		-0.073353		0.006552
4.170000	2.617605		-0.077911		0.006544
4.180000	2.570398		-0.082393		0.006537
4.190000	2.520669		-0.086794		0.006531
4.200000	2.468467		-0.091109		0.006525
4.210000	2.413843		-0.095336		0.006521
4.220000	2.356852		-0.099469		0.006516
4.230000	2.297548		-0.103504		0.006513
4.240000	2.235991		-0.107438		0.006511
4.250000	2.172240		-0.111266		0.006509
4.260000	2.106358		-0.114986		0.006508
4.270000	2.038410		-0.118592		0.006508
4.280000	1.968462		-0.122082		0.006509
4.290000	1.896583		-0.125452		0.006511
4.300000	1.822844		-0.128700		0.006513
4.310000	1.747316		-0.131821		0.006516
4.320000	1.670074		-0.134812		0.006520
4.330000	1.591194		-0.137672		0.006525
4.340000	1.510753		-0.140396		0.006531
4.350000	1.428830		-0.142983		0.006537
4.360000	1.345505		-0.145429		0.006544
4.370000	1.260860		-0.147733		0.006552
4.380000	1.174978		-0.149892		0.006560
4.390000	1.087944		-0.151904		0.006569
4.400000	0.999843		-0.153766		0.006579
4.410000	0.910760		-0.155478		0.006589
4.420000	0.820784		-0.157038		0.006600
4.430000	0.730003		-0.158443		0.006611
4.440000	0.638506		-0.159693		0.006622
4.450000	0.546382		-0.160786		0.006634
4.460000	0.453723		-0.161722		0.006646
4.470000	0.360618		-0.162498		0.006659
4.480000	0.267159		-0.163116		0.006672
4.490000	0.173439		-0.163573		0.006685
4.500000	0.079548		-0.163870		0.006698
4.510000	-0.014421		-0.164006		0.006711
4.520000	-0.108375		-0.163982		0.006724
4.530000	-0.202224		-0.163796		0.006737
4.540000	-0.295873		-0.163450		0.006750
4.550000	-0.389233		-0.162943		0.006763
4.560000	-0.482211		-0.162277		0.006776
4.570000	-0.574716		-0.161451		0.006789
4.580000	-0.666657		-0.160467		0.006801
4.590000	-0.757944		-0.159326		0.006813
4.600000	-0.848487		-0.158028		0.006825
4.610000	-0.938198		-0.156575		0.006836
4.620000	-1.026989		-0.154969		0.006846
4.630000	-1.114772		-0.153211		0.006857
4.640000	-1.201462		-0.151302		0.006866
4.650000	-1.286973		-0.149245		0.006876
4.660000	-1.371221		-0.147041		0.006884
4.670000	-1.454124		-0.144694		0.006892
4.680000	-1.535601		-0.142204		0.006899
4.690000	-1.615572		-0.139575		0.006905
4.700000	-1.693957		-0.136809		0.006911
4.710000	-1.770681		-0.133908		0.006916
4.720000	-1.845668		-0.130876		0.006920
4.730000	-1.918844		-0.127716		0.006924
4.740000	-1.990137		-0.124431		0.006926
4.750000	-2.059479		-0.121024		0.006928
4.760000	-2.126800		-0.117497		0.006929
4.770000	-2.192035		-0.113856		0.006929
4.780000	-2.255119		-0.110103		0.006929
4.790000	-2.315991		-0.106242		0.006927
4.800000	-2.374591		-0.102276		0.006925
4.810000	-2.430861		-0.098211		0.006922
4.820000	-2.484747		-0.094049		0.006918
4.830000	-2.536195		-0.089794		0.006913
4.840000	-2.585156		-0.085452		0.006908
4.850000	-2.631580		-0.081026		0.006901
4.860000	-2.675423		-0.076520		0.006894
4.870000	-2.716641		-0.071939		0.006887
4.880000	-2.755194		-0.067288		0.006878
4.890000	-2.791044		-0.062570		0.006870
4.900000	-2.824156		-0.057792		0.006860
4.910000	-2.854498		-0.052956		0.006850
4.920000	-2.882040		-0.048069		0.006839
4.930000	-2.906754		-0.043134		0.006828
4.940000	-2.928616		-0.038158		0.006817
4.950000	-2.947606		-0.033143		0.006805
4.960000	-2.963704		-0.028096		0.006793
4.970000	-2.976895		-0.023022		0.006780
4.980000	-2.987165		-0.017925		0.006768
4.990000	-2.994505		-0.012811		0.006755
5.000000	-2.998908		-0.007684		0.006742
5.010000	-3.000368		-0.002549		0.006729
5.020000	-2.998885		0.002588		0.006715
5.030000	-2.994460		0.007723		0.006702
5.040000	-2.987098		0.012850		0.006689
5.050000	-2.976805		0.017964		0.006676
5.060000	-2.963592		0.023061		0.006663
5.070000	-2.947472		0.028135		0.006651
5.080000	-2.928460		0.033182		0.006638
5.090000	-2.906575		0.038196		0.006626
5.100000	-2.881839		0.043172		0.006615
5.110000	-2.854276		0.048107		0.006603
5.120000	-2.823913		0.052994		0.006593
5.130000	-2.790780		0.057829		0.006582
5.140000	-2.754909		0.062607		0.006572
5.150000	-2.716335		0.067324		0.006563
5.160000	-2.675097		0.071975		0.006555
5.170000	-2.631234		0.076555		0.006547
5.180000	-2.584790		0.081060		0.006539
5.190000	-2.535811		0.085485		0.006533
5.200000	-2.484344		0.089827		0.006527
5.210000	-2.430439		0.094081		0.006522
5.220000	-2.374151		0.098242		0.006518
5.230000	-2.315533		0.102307		0.006514
5.240000	-2.254644		0.106272		0.006511
5.250000	-2.191543		0.110132		0.006509
5.260000	-2.126292		0.113884		0.006508
5.270000	-2.058955		0.117525		0.006508
5.280000	-1.989599		0.121050		0.006509
5.290000	-1.918290		0.124457		0.006510
5.300000	-1.845100		0.127741		0.006512
5.310000	-1.770100		0.130900		0.006515
5.320000	-1.693363		0.133931		0.006519
5.330000	-1.614965		0.136830		0.006524
5.340000	-1.534983		0.139595		0.006529
5.350000	-1.453495		0.142223		0.006535
5.360000	-1.370581		0.144712		0.006542
5.370000	-1.286322		0.147059		0.006549
5.380000	-1.200802		0.149261		0.006558
5.390000	-1.114104		0.151317		0.006566
5.400000	-1.026312		0.153225		0.006576
5.410000	-0.937514		0.154982		0.006586
5.420000	-0.847796		0.156587		0.006596
5.430000	-0.757247		0.158039		0.006607
5.440000	-0.665955		0.159335		0.006619
5.450000	-0.574009		0.160475		0.006631
5.460000	-0.481500		0.161458		0.006643
5.470000	-0.388519		0.162283		0.006655
5.480000	-0.295157		0.162948		0.006668
5.490000	-0.201505		0.163453		0.006681
5.500000	-0.107656		0.163798		0.006694
5.510000	-0.013701		0.163983		0.006707
5.520000	0.080268		0.164006		0.006720
5.530000	0.174158		0.163869		0.006733
5.540000	0.267876		0.163570		0.006746
5.550000	0.361333		0.163112		0.006759
5.560000	0.454434		0.162493		0.006772
5.570000	0.547090		0.161715		0.006785
5.580000	0.639209		0.160778		0.006797
5.590000	0.730701		0.159684		0.006809
5.600000	0.821477		0.158433		0.006821
5.610000	0.911446		0.157026		0.006832
5.620000	1.000521		0.155466		0.006843
5.630000	1.088615		0.153753		0.006854
5.640000	1.175641		0.151889		0.006864
5.650000	1.261513		0.149876		0.006873
5.660000	1.346148		0.147716		0.006882
5.670000	1.429463		0.145411		0.006890
5.680000	1.511375		0.142964		0.006897
5.690000	1.591804		0.140376		0.006904
5.700000	1.670672		0.137650		0.006910
5.710000	1.747901		0.134790		0.006915
5.720000	1.823416		0.131797		0.006919
5.730000	1.897141		0.128675		0.006923
5.740000	1.969005		0.125427		0.006926
5.750000	2.038938		0.122056		0.006928
5.760000	2.106871		0.118565		0.006929
5.770000	2.172737		0.114957		0.006929
5.780000	2.236471		0.111237		0.006929
5.790000	2.298011		0.107408		0.006928
5.800000	2.357297		0.103474		0.006926
5.810000	2.414271		0.099437		0.006923
5.820000	2.468876		0.095304		0.006919
5.830000	2.521059		0.091077		0.006914
5.840000	2.570769		0.086760		0.006909
5.850000	2.617957		0.082359		0.006903
5.860000	2.662577		0.077876		0.006897
5.870000	2.704585		0.073317		0.006889
5.880000	2.743939		0.068687		0.006881
5.890000	2.780602		0.063989		0.006872
5.900000	2.814537		0.059228		0.006863
5.910000	2.845711		0.054409		0.006853
5.920000	2.874094		0.049537		0.006843
5.930000	2.899656		0.044616		0.006832
5.940000	2.922375		0.039651		0.006820
5.950000	2.942226		0.034647		0.006809
5.960000	2.959191		0.029610		0.006797
5.970000	2.973253		0.024543		0.006784
5.980000	2.984399		0.019452		0.006772
5.990000	2.992617		0.014343		0.006759
6.000000	2.997898		0.009219		0.006746
6.010000	3.000240		0.004086		0.006732
6.020000	2.999637		-0.001051		0.006719
6.030000	2.996092		-0.006187		0.006706
6.040000	2.989608		-0.011317		0.006693
6.050000	2.980192		-0.016435		0.006680
6.060000	2.967851		-0.021538		0.006667
6.070000	2.952599		-0.026620		0.006654
6.080000	2.934451		-0.031675		0.006642
6.090000	2.913424		-0.036699		0.006630
6.100000	2.889539		-0.041687		0.006618
6.110000	2.862819		-0.046635		0.006607
6.120000	2.833291		-0.051536		0.006596
6.130000	2.800983		-0.056387		0.006585
6.140000	2.765928		-0.061183		0.006575
6.150000	2.728159		-0.065919		0.006566
6.160000	2.687714		-0.070590		0.006557
6.170000	2.644632		-0.075192		0.006549
6.180000	2.598956		-0.079720		0.006542
6.190000	2.550730		-0.084170		0.006535
6.200000	2.500002		-0.088537		0.006529
6.210000	2.446822		-0.092817		0.006523
6.220000	2.391241		-0.097007		0.006519
6.230000	2.333314		-0.101101		0.006515
6.240000	2.273099		-0.105096		0.006512
6.250000	2.210653		-0.108988		0.006510
6.260000	2.146039		-0.112773		0.006509
6.270000	2.079319		-0.116447		0.006508
6.280000	2.010560		-0.120008		0.006508
6.290000	1.939829		-0.123450		0.006510
6.300000	1.867194		-0.126771		0.006511
6.310000	1.792728		-0.129968		0.006514
6.320000	1.716503		-0.133038		0.006518
6.330000	1.638594		-0.135977		0.006522
6.340000	1.559078		-0.138782		0.006527
6.350000	1.478032		-0.141452		0.006533
6.360000	1.395536		-0.143982		0.006540
6.370000	1.311671		-0.146372		0.006547
6.380000	1.226520		-0.148617		0.006555
6.390000	1.140165		-0.150717		0.006564
6.400000	1.052692		-0.152670		0.006573
6.410000	0.964186		-0.154472		0.006583
6.420000	0.874734		-0.156123		0.006593
6.430000	0.784424		-0.157620		0.006604
6.440000	0.693345		-0.158964		0.006615
6.450000	0.601585		-0.160151		0.006627
6.460000	0.509236		-0.161181		0.006639
6.470000	0.416386		-0.162053		0.006651
6.480000	0.323129		-0.162765		0.006664
6.490000	0.229554		-0.163319		0.006677
6.500000	0.135754		-0.163712		0.006690
6.510000	0.041821		-0.163944		0.006703
6.520000	-0.052153		-0.164016		0.006716
6.530000	-0.146076		-0.163927		0.006729
6.540000	-0.239856		-0.163676		0.006742
6.550000	-0.333400		-0.163266		0.006756
6.560000	-0.426618		-0.162695		0.006768
6.570000	-0.519417		-0.161964		0.006781
6.580000	-0.611706		-0.161075		0.006794
6.590000	-0.703395		-0.160028		0.006806
6.600000	-0.794394		-0.158823		0.006818
6.610000	-0.884614		-0.157463		0.006829
6.620000	-0.973966		-0.155949		0.006840
6.630000	-1.062363		-0.154281		0.006851
6.640000	-1.149717		-0.152462		0.006861
6.650000	-1.235943		-0.150494		0.006870
6.660000	-1.320958		-0.148378		0.006879
6.670000	-1.404676		-0.146116		0.006887
6.680000	-1.487016		-0.143711		0.006895
6.690000	-1.567897		-0.141165		0.006902
6.700000	-1.647241		-0.138480		0.006908
6.710000	-1.724968		-0.135660		0.006913
6.720000	-1.801003		-0.132706		0.006918
6.730000	-1.875272		-0.129623		0.006922
6.740000	-1.947701		-0.126412		0.006925
6.750000	-2.018219		-0.123077		0.006927
6.760000	-2.086757		-0.119622		0.006929
6.770000	-2.153248		-0.116049		0.006929
6.780000	-2.217627		-0.112362		0.006929
6.790000	-2.279830		-0.108565		0.006928
6.800000	-2.339797		-0.104662		0.006926
6.810000	-2.397468		-0.100656		0.006924
6.820000	-2.452788		-0.096551		0.006920
6.830000	-2.505701		-0.092351		0.006916
6.840000	-2.556156		-0.088061		0.006911
6.850000	-2.604104		-0.083684		0.006905
6.860000	-2.649497		-0.079226		0.006899
6.870000	-2.692291		-0.074689		0.006891
6.880000	-2.732444		-0.070080		0.006884
6.890000	-2.769916		-0.065401		0.006875
6.900000	-2.804671		-0.060659		0.006866
6.910000	-2.836674		-0.055857		0.006856
6.920000	-2.865895		-0.051000		0.006846
6.930000	-2.892304		-0.046093		0.006835
6.940000	-2.915876		-0.041141		0.006824
6.950000	-2.936588		-0.036148		0.006812
6.960000	-2.954418		-0.031120		0.006800
6.970000	-2.969351		-0.026062		0.006788
6.980000	-2.981370		-0.020978		0.006775
6.990000	-2.990465		-0.015873		0.006763
7.000000	-2.996626		-0.010753		0.006750
7.010000	-2.999848		-0.005622		0.006736
7.020000	-3.000126		-0.000486		0.006723
7.030000	-2.997462		0.004651		0.006710
7.040000	-2.991856		0.009783		0.006697
7.050000	-2.983316		0.014905		0.006684
7.060000	-2.971850		0.020013		0.006671
7.070000	-2.957468		0.025102		0.006658
7.080000	-2.940184		0.030165		0.006646
7.090000	-2.920016		0.035199		0.006633
7.100000	-2.896984		0.040199		0.006622
7.110000	-2.871110		0.045159		0.006610
7.120000	-2.842419		0.050075		0.006599
7.130000	-2.810940		0.054941		0.006588
7.140000	-2.776704		0.059754		0.006578
7.150000	-2.739743		0.064508		0.006569
7.160000	-2.700095		0.069199		0.006560
7.170000	-2.657797		0.073822		0.006551
7.180000	-2.612893		0.078373		0.006544
7.190000	-2.565425		0.082847		0.006537
7.200000	-2.515441		0.087239		0.006530
7.210000	-2.462989		0.091546		0.006525
7.220000	-2.408121		0.095763		0.006520
7.230000	-2.350890		0.099886		0.006516
7.240000	-2.291354		0.103911		0.006513
7.250000	-2.229569		0.107834		0.006510
7.260000	-2.165597		0.111652		0.006509
7.270000	-2.099501		0.115360		0.006508
7.280000	-2.031345		0.118954		0.006508
7.290000	-1.961197		0.122432		0.006509
7.300000	-1.889124		0.125790		0.006511
7.310000	-1.815198		0.129025		0.006513
7.320000	-1.739492		0.132133		0.006517
7.330000	-1.662079		0.135111		0.006521
7.340000	-1.583035		0.137957		0.006526
7.350000	-1.502439		0.140667		0.006531
7.360000	-1.420369		0.143240		0.006538
7.370000	-1.336905		0.145672		0.006545
7.380000	-1.252130		0.147961		0.006553
7.390000	-1.166126		0.150104		0.006561
7.400000	-1.078979		0.152101		0.006570
7.410000	-0.990773		0.153948		0.006580
7.420000	-0.901595		0.155645		0.006590
7.430000	-0.811533		0.157188		0.006601
7.440000	-0.720674		0.158578		0.006612
7.450000	-0.629109		0.159812		0.006623
7.460000	-0.536926		0.160889		0.006635
7.470000	-0.444217		0.161808		0.006648
7.480000	-0.351072		0.162569		0.006660
7.490000	-0.257582		0.163170		0.006673
7.500000	-0.163840		0.163611		0.006686
7.510000	-0.069937		0.163892		0.006699
7.520000	0.024034		0.164011		0.006712
7.530000	0.117982		0.163970		0.006725
7.540000	0.211814		0.163768		0.006739
7.550000	0.305439		0.163405		0.006752
7.560000	0.398764		0.162882		0.006765
7.570000	0.491697		0.162200		0.006777
7.580000	0.584149		0.161358		0.006790
7.590000	0.676027		0.160358		0.006802
7.600000	0.767242		0.159200		0.006814
7.610000	0.857704		0.157887		0.006826
7.620000	0.947325		0.156418		0.006837
7.630000	1.036017		0.154796		0.006848
7.640000	1.123692		0.153022		0.006858
7.650000	1.210265		0.151098		0.006867
7.660000	1.295651		0.149026		0.006876
7.670000	1.379765		0.146808		0.006885
7.680000	1.462526		0.144445		0.006893
7.690000	1.543853		0.141941		0.006900
7.700000	1.623664		0.139298		0.006906
7.710000	1.701883		0.136518		0.006912
7.720000	1.778433		0.133604		0.006917
7.730000	1.853238		0.130559		0.006921
7.740000	1.926225		0.127386		0.006924
7.750000	1.997322		0.124088		0.006927
7.760000	2.066460		0.120668		0.006928
7.770000	2.133570		0.117130		0.006929
7.780000	2.198588		0.113477		0.006929
7.790000	2.261448		0.109713		0.006928
7.800000	2.322091		0.105841		0.006927
7.810000	2.380455		0.101865		0.006924
7.820000	2.436484		0.097789		0.006921
7.830000	2.490123		0.093618		0.006917
7.840000	2.541319		0.089354		0.006912
7.850000	2.590022		0.085003		0.006907
7.860000	2.636184		0.080568		0.006901
7.870000	2.679761		0.076055		0.006894
7.880000	2.720708		0.071467		0.006886
7.890000	2.758986		0.066808		0.006878
7.900000	2.794558		0.062084		0.006869
7.910000	2.827388		0.057300		0.006859
7.920000	2.857445		0.052459		0.006849
7.930000	2.884698		0.047566		0.006838
7.940000	2.909122		0.042627		0.006827
7.950000	2.930691		0.037646		0.006816
7.960000	2.949386		0.032628		0.006804
7.970000	2.965187		0.027579		0.006792
7.980000	2.978080		0.022502		0.006779
7.990000	2.988051		0.017403		0.006766
8.000000	2.995091		0.012287		0.006753
8.010000	2.999192		0.007159		0.006740
8.020000	3.000351		0.002023		0.006727
8.030000	2.998567		-0.003114		0.006714
8.040000	2.993842		-0.008248		0.006701
8.050000	2.986179		-0.013374		0.006688
8.060000	2.975587		-0.018487		0.006675
8.070000	2.962076		-0.023581		0.006662
8.080000	2.945659		-0.028653		0.006649
8.090000	2.926353		-0.033696		0.006637
8.100000	2.904175		-0.038707		0.006625
8.110000	2.879149		-0.043679		0.006613
8.120000	2.851298		-0.048609		0.006602
8.130000	2.820650		-0.053491		0.006591
8.140000	2.787235		-0.058320		0.006581
8.150000	2.751086		-0.063092		0.006571
8.160000	2.712238		-0.067803		0.006562
8.170000	2.670730		-0.072446		0.006554
8.180000	2.626601		-0.077019		0.006546
8.190000	2.579895		-0.081516		0.006539
8.200000	2.530659		-0.085934		0.006532
8.210000	2.478940		-0.090266		0.006526
8.220000	2.424790		-0.094511		0.006521
8.230000	2.368260		-0.098662		0.006517
8.240000	2.309407		-0.102717		0.006514
8.250000	2.248289		-0.106671		0.006511
8.260000	2.184965		-0.110521		0.006509
8.270000	2.119498		-0.114262		0.006508
8.280000	2.051952		-0.117891		0.006508
8.290000	1.982392		-0.121404		0.006509
8.300000	1.910888		-0.124798		0.006510
8.310000	1.837509		-0.128070		0.006512
8.320000	1.762328		-0.131216		0.006516
8.330000	1.685418		-0.134234		0.006519
8.340000	1.606854		-0.137119		0.006524
8.350000	1.526714		-0.139871		0.006530
8.360000	1.445077		-0.142485		0.006536
8.370000	1.362022		-0.144959		0.006543
8.380000	1.277630		-0.147291		0.006550
8.390000	1.191985		-0.149478		0.006559
8.400000	1.105171		-0.151519		0.006567
8.410000	1.017273		-0.153411		0.006577
8.420000	0.928377		-0.155153		0.006587
8.430000	0.838570		-0.156743		0.006597
8.440000	0.747940		-0.158178		0.006608
8.450000	0.656577		-0.159459		0.006620
8.460000	0.564570		-0.160583		0.006632
8.470000	0.472009		-0.161550		0.006644
8.480000	0.378984		-0.162358		0.006656
8.490000	0.285588		-0.163007		0.006669
8.500000	0.191912		-0.163496		0.006682
8.510000	0.098048		-0.163824		0.006695
8.520000	0.004087		-0.163992		0.006708
8.530000	-0.089878		-0.163999		0.006721
8.540000	-0.183754		-0.163845		0.006735
8.550000	-0.277451		-0.163531		0.006748
8.560000	-0.370875		-0.163056		0.006761
8.570000	-0.463935		-0.162421		0.006774
8.580000	-0.556540		-0.161626		0.006786
8.590000	-0.648599		-0.160674		0.006799
8.600000	-0.740022		-0.159563		0.006811
8.610000	-0.830719		-0.158296		0.006822
8.620000	-0.920601		-0.156874		0.006834
8.630000	-1.009580		-0.155297		0.006844
8.640000	-1.097568		-0.153569		0.006855
8.650000	-1.184480		-0.151690		0.006865
8.660000	-1.270230		-0.149662		0.006874
8.670000	-1.354733		-0.147487		0.006882
8.680000	-1.437908		-0.145167		0.006890
8.690000	-1.519672		-0.142705		0.006898
8.700000	-1.599946		-0.140103		0.006904
8.710000	-1.678649		-0.137364		0.006910
8.720000	-1.755706		-0.134490		0.006915
8.730000	-1.831041		-0.131484		0.006920
8.740000	-1.904579		-0.128349		0.006923
8.750000	-1.976249		-0.125088		0.006926
8.760000	-2.045981		-0.121704		0.006928
8.770000	-2.113705		-0.118201		0.006929
8.780000	-2.179356		-0.114582		0.006929
8.790000	-2.242868		-0.110851		0.006929
8.800000	-2.304181		-0.107010		0.006927
8.810000	-2.363233		-0.103065		0.006925
8.820000	-2.419967		-0.099019		0.006922
8.830000	-2.474326		-0.094876		0.006919
8.840000	-2.526259		-0.090639		0.006914
8.850000	-2.575713		-0.086314		0.006909
8.860000	-2.622640		-0.081904		0.006903
8.870000	-2.666995		-0.077413		0.006896
8.880000	-2.708733		-0.072847		0.006888
8.890000	-2.747814		-0.068209		0.006880
8.900000	-2.784199		-0.063504		0.006871
8.910000	-2.817854		-0.058737		0.006862
8.920000	-2.848743		-0.053913		0.006852
8.930000	-2.876838		-0.049035		0.006842
8.940000	-2.902111		-0.044110		0.006831
8.950000	-2.924537		-0.039141		0.006819
8.960000	-2.944094		-0.034133		0.006807
8.970000	-2.960763		-0.029093		0.006795
8.980000	-2.974528		-0.024023		0.006783
8.990000	-2.985374		-0.018930		0.006770
9.000000	-2.993292		-0.013819		0.006757
9.010000	-2.998273		-0.008694		0.006744
9.020000	-3.000313		-0.003560		0.006731
9.030000	-2.999410		0.001577		0.006718
9.040000	-2.995564		0.006712		0.006705
9.050000	-2.988780		0.011841		0.006692
9.060000	-2.979063		0.016958		0.006679
9.070000	-2.966424		0.022059		0.006666
9.080000	-2.950875		0.027138		0.006653
9.090000	-2.932432		0.032190		0.006641
9.100000	-2.911111		0.037211		0.006629
9.110000	-2.886935		0.042195		0.006617
9.120000	-2.859927		0.047138		0.006605
9.130000	-2.830113		0.052035		0.006595
9.140000	-2.797523		0.056881		0.006584
9.150000	-2.762188		0.061671		0.006574
9.160000	-2.724144		0.066400		0.006565
9.170000	-2.683427		0.071064		0.006556
9.180000	-2.640078		0.075659		0.006548
9.190000	-2.594139		0.080179		0.006541
9.200000	-2.545655		0.084620		0.006534
9.210000	-2.494674		0.088979		0.006528
9.220000	-2.441245		0.093250		0.006523
9.230000	-2.385422		0.097430		0.006518
9.240000	-2.327258		0.101514		0.006515
9.250000	-2.266812		0.105499		0.006512
9.260000	-2.204142		0.109380		0.006510
9.270000	-2.139309		0.113154		0.006508
9.280000	-2.072378		0.116817		0.006508
9.290000	-2.003414		0.120365		0.006508
9.300000	-1.932484		0.123795		0.006510
9.310000	-1.859659		0.127104		0.006512
9.320000	-1.785009		0.130288		0.006515
9.330000	-1.708609		0.133344		0.006518
9.340000	-1.630532		0.136270		0.006523
9.350000	-1.550856		0.139062		0.006528
9.360000	-1.469658		0.141717		0.006534
9.370000	-1.387018		0.144233		0.006541
9.380000	-1.303018		0.146608		0.006548
9.390000	-1.217740		0.148839		0.006556
9.400000	-1.131267		0.150924		0.006565
9.410000	-1.043684		0.152861		0.006574
9.420000	-0.955077		0.154648		0.006584
9.430000	-0.865534		0.156283		0.006594
9.440000	-0.775141		0.157765		0.006605
9.450000	-0.683988		0.159092		0.006616
9.460000	-0.592164		0.160263		0.006628
9.470000	-0.499759		0.161277		0.006640
9.480000	-0.406863		0.162133		0.006653
9.490000	-0.313569		0.162829		0.006665
9.500000	-0.219967		0.163366		0.006678
9.510000	-0.126149		0.163743		0.006691
9.520000	-0.032208		0.163959		0.006704
9.530000	0.061765		0.164014		0.006717
9.540000	0.155678		0.163908		0.006731
9.550000	0.249438		0.163642		0.006744
9.560000	0.342953		0.163215		0.006757
9.570000	0.436132		0.162628		0.006770
9.580000	0.528882		0.161881		0.006782
9.590000	0.621115		0.160975		0.006795
9.600000	0.712737		0.159912		0.006807
9.610000	0.803661		0.158691		0.006819
9.620000	0.893796		0.157315		0.006830
9.630000	0.983054		0.155785		0.006841
9.640000	1.071348		0.154102		0.006852
9.650000	1.158591		0.152268		0.006862
9.660000	1.244697		0.150284		0.006871
9.670000	1.329583		0.148153		0.006880
9.680000	1.413164		0.145876		0.006888
9.690000	1.495358		0.143457		0.006896
9.700000	1.576086		0.140896		0.006902
9.710000	1.655268		0.138198		0.006908
9.720000	1.732825		0.135364		0.006914
9.730000	1.808683		0.132397		0.006918
9.740000	1.882767		0.129300		0.006922
9.750000	1.955003		0.126077		0.006925
9.760000	2.025322		0.122729		0.006927
9.770000	2.093654		0.119262		0.006929
9.780000	2.159932		0.115677		0.006929
9.790000	2.224091		0.111979		0.006929
9.800000	2.286068		0.108171		0.006928
9.810000	2.345803		0.104257		0.006926
9.820000	2.403236		0.100240		0.006923
9.830000	2.458312		0.096125		0.006920
9.840000	2.510976		0.091916		0.006915
9.850000	2.561177		0.087617		0.006910
9.860000	2.608866		0.083232		0.006904
9.870000	2.653995		0.078765		0.006898
9.880000	2.696520		0.074221		0.006891
9.890000	2.736401		0.069604		0.006883
9.900000	2.773597		0.064919		0.006874
9.910000	2.808071		0.060170		0.006865
9.920000	2.839792		0.055362		0.006855
9.930000	2.868726		0.050500		0.006845
9.940000	2.894846		0.045588		0.006834
9.950000	2.918127		0.040632		0.006823
9.960000	2.938544		0.035636		0.006811
9.970000	2.956079		0.030604		0.006799
9.980000	2.970714		0.025543		0.006787
9.990000	2.982435		0.020457		0.006774
10.000000	2.991230		0.015350		0.006761
