Time	Population
0	30
0.01	33
0.02	36.3
0.03	39.93
0.04	43.923
0.05	48.3153
0.06	53.1468
0.07	58.4615
0.08	64.3077
0.09	70.7384
0.1	77.8123
0.11	85.5935
0.12	94.1529
0.13	103.568
0.14	113.925
0.15	125.317
0.16	137.849
0.17	151.634
0.18	166.798
0.19	183.477
0.2	201.825
0.21	222.007
0.22	244.208
0.23	268.629
0.24	295.492
0.25	325.041
0.26	357.545
0.27	393.3
0.28	432.63
0.29	475.893
0.3	523.482
0.31	575.83
0.32	633.413
0.33	696.755
0.34	766.43
0.35	843.073
0.36	927.38
0.37	1020.12
0.38	1122.13
0.39	1234.34
0.4	1357.78
0.41	1493.56
0.42	1642.91
0.43	1807.2
0.44	1987.92
0.45	2186.71
0.46	2405.39
0.47	2645.92
0.48	2910.52
0.49	3201.57
0.5	3521.73
0.51	3873.9
0.52	4261.29
0.53	4687.42
0.54	5156.16
0.55	5671.77
0.56	6238.95
0.57	6862.85
0.58	7549.13
0.59	8304.04
0.6	9134.45
0.61	10047.9
0.62	11052.7
0.63	12158
0.64	13373.7
0.65	14711.1
0.66	16182.2
0.67	17800.5
0.68	19580.5
0.69	21538.6
0.7	23692.4
0.71	26061.6
0.72	28667.8
0.73	31534.6
0.74	34688.1
0.75	38156.9
0.76	41972.5
0.77	46169.8
0.78	50786.8
0.79	55865.5
0.8	61452
0.81	67597.2
0.82	74356.9
0.83	81792.6
0.84	89971.9
0.85	98969.1
0.86	108866
0.87	119753
0.88	131728
0.89	144901
0.9	159391
0.91	175330
0.92	192863
0.93	212149
0.94	233364
0.95	256700
0.96	282370
0.97	310607
0.98	341668
0.99	375835
1	413418
1.01	454760
1.02	500236
1.03	550260
1.04	605286
1.05	665814
1.06	732396
1.07	805635
1.08	886199
1.09	974819
1.1	1.0723e+006
1.11	1.17953e+006
1.12	1.29748e+006
1.13	1.42723e+006
1.14	1.56996e+006
1.15	1.72695e+006
1.16	1.89965e+006
1.17	2.08961e+006
1.18	2.29857e+006
1.19	2.52843e+006
1.2	2.78127e+006
1.21	3.0594e+006
1.22	3.36534e+006
1.23	3.70187e+006
1.24	4.07206e+006
1.25	4.47927e+006
1.26	4.92719e+006
1.27	5.41991e+006
1.28	5.9619e+006
1.29	6.55809e+006
1.3	7.2139e+006
1.31	7.93529e+006
1.32	8.72882e+006
1.33	9.60171e+006
1.34	1.05619e+007
1.35	1.16181e+007
1.36	1.27799e+007
1.37	1.40579e+007
1.38	1.54636e+007
1.39	1.701e+007
1.4	1.8711e+007
1.41	2.05821e+007
1.42	2.26403e+007
1.43	2.49044e+007
1.44	2.73948e+007
1.45	3.01343e+007
1.46	3.31477e+007
1.47	3.64625e+007
1.48	4.01087e+007
1.49	4.41196e+007
1.5	4.85315e+007
1.51	5.33847e+007
1.52	5.87232e+007
1.53	6.45955e+007
1.54	7.1055e+007
1.55	7.81605e+007
1.56	8.59766e+007
1.57	9.45742e+007
1.58	1.04032e+008
1.59	1.14435e+008
1.6	1.25878e+008
1.61	1.38466e+008
1.62	1.52313e+008
1.63	1.67544e+008
1.64	1.84298e+008
1.65	2.02728e+008
1.66	2.23001e+008
1.67	2.45301e+008
1.68	2.69831e+008
1.69	2.96814e+008
1.7	3.26496e+008
1.71	3.59145e+008
1.72	3.9506e+008
1.73	4.34566e+008
1.74	4.78023e+008
1.75	5.25825e+008
1.76	5.78407e+008
1.77	6.36248e+008
1.78	6.99873e+008
1.79	7.6986e+008
1.8	8.46846e+008
1.81	9.31531e+008
1.82	1.02468e+009
1.83	1.12715e+009
1.84	1.23987e+009
1.85	1.36385e+009
1.86	1.50024e+009
1.87	1.65026e+009
1.88	1.81529e+009
1.89	1.99682e+009
1.9	2.1965e+009
1.91	2.41615e+009
1.92	2.65777e+009
1.93	2.92354e+009
1.94	3.2159e+009
1.95	3.53749e+009
1.96	3.89124e+009
1.97	4.28036e+009
1.98	4.7084e+009
1.99	5.17923e+009
2	5.69716e+009
2.01	6.26687e+009
2.02	6.89356e+009
2.03	7.58292e+009
2.04	8.34121e+009
2.05	9.17533e+009
2.06	1.00929e+010
2.07	1.11021e+010
2.08	1.22124e+010
2.09	1.34336e+010
2.1	1.4777e+010
2.11	1.62547e+010
2.12	1.78801e+010
2.13	1.96681e+010
2.14	2.16349e+010
2.15	2.37984e+010
2.16	2.61783e+010
2.17	2.87961e+010
2.18	3.16757e+010
2.19	3.48433e+010
2.2	3.83276e+010
2.21	4.21604e+010
2.22	4.63764e+010
2.23	5.10141e+010
2.24	5.61155e+010
2.25	6.1727e+010
2.26	6.78997e+010
2.27	7.46897e+010
2.28	8.21587e+010
2.29	9.03746e+010
2.3	9.9412e+010
2.31	1.09353e+011
2.32	1.20289e+011
2.33	1.32317e+011
2.34	1.45549e+011
2.35	1.60104e+011
2.36	1.76114e+011
2.37	1.93726e+011
2.38	2.13098e+011
2.39	2.34408e+011
2.4	2.57849e+011
2.41	2.83634e+011
2.42	3.11997e+011
2.43	3.43197e+011
2.44	3.77517e+011
2.45	4.15269e+011
2.46	4.56795e+011
2.47	5.02475e+011
2.48	5.52723e+011
2.49	6.07995e+011
2.5	6.68794e+011
2.51	7.35674e+011
2.52	8.09241e+011
2.53	8.90165e+011
2.54	9.79182e+011
2.55	1.0771e+012
2.56	1.18481e+012
2.57	1.30329e+012
2.58	1.43362e+012
2.59	1.57698e+012
2.6	1.73468e+012
2.61	1.90815e+012
2.62	2.09896e+012
2.63	2.30886e+012
2.64	2.53975e+012
2.65	2.79372e+012
2.66	3.07309e+012
2.67	3.3804e+012
2.68	3.71844e+012
2.69	4.09028e+012
2.7	4.49931e+012
2.71	4.94924e+012
2.72	5.44417e+012
2.73	5.98859e+012
2.74	6.58744e+012
2.75	7.24619e+012
2.76	7.97081e+012
2.77	8.76789e+012
2.78	9.64468e+012
2.79	1.06091e+013
2.8	1.16701e+013
2.81	1.28371e+013
2.82	1.41208e+013
2.83	1.55329e+013
2.84	1.70861e+013
2.85	1.87947e+013
2.86	2.06742e+013
2.87	2.27416e+013
2.88	2.50158e+013
2.89	2.75174e+013
2.9	3.02691e+013
2.91	3.3296e+013
2.92	3.66256e+013
2.93	4.02882e+013
2.94	4.4317e+013
2.95	4.87487e+013
2.96	5.36236e+013
2.97	5.8986e+013
2.98	6.48846e+013
2.99	7.1373e+013
3	7.85103e+013
3.01	8.63614e+013
3.02	9.49975e+013
3.03	1.04497e+014
3.04	1.14947e+014
3.05	1.26442e+014
3.06	1.39086e+014
3.07	1.52994e+014
3.08	1.68294e+014
3.09	1.85123e+014
3.1	2.03636e+014
3.11	2.23999e+014
3.12	2.46399e+014
3.13	2.71039e+014
3.14	2.98143e+014
3.15	3.27957e+014
3.16	3.60753e+014
3.17	3.96828e+014
3.18	4.36511e+014
3.19	4.80162e+014
3.2	5.28178e+014
3.21	5.80996e+014
3.22	6.39096e+014
3.23	7.03005e+014
3.24	7.73306e+014
3.25	8.50636e+014
3.26	9.357e+014
3.27	1.02927e+015
3.28	1.1322e+015
3.29	1.24542e+015
3.3	1.36996e+015
3.31	1.50695e+015
3.32	1.65765e+015
3.33	1.82341e+015
3.34	2.00576e+015
3.35	2.20633e+015
3.36	2.42696e+015
3.37	2.66966e+015
3.38	2.93663e+015
3.39	3.23029e+015
3.4	3.55332e+015
3.41	3.90865e+015
3.42	4.29952e+015
3.43	4.72947e+015
3.44	5.20241e+015
3.45	5.72266e+015
3.46	6.29492e+015
3.47	6.92441e+015
3.48	7.61686e+015
3.49	8.37854e+015
3.5	9.21639e+015
3.51	1.0138e+016
3.52	1.11518e+016
3.53	1.2267e+016
3.54	1.34937e+016
3.55	1.48431e+016
3.56	1.63274e+016
3.57	1.79601e+016
3.58	1.97562e+016
3.59	2.17318e+016
3.6	2.3905e+016
3.61	2.62954e+016
3.62	2.8925e+016
3.63	3.18175e+016
3.64	3.49992e+016
3.65	3.84992e+016
3.66	4.23491e+016
3.67	4.6584e+016
3.68	5.12424e+016
3.69	5.63666e+016
3.7	6.20033e+016
3.71	6.82036e+016
3.72	7.5024e+016
3.73	8.25264e+016
3.74	9.0779e+016
3.75	9.98569e+016
3.76	1.09843e+017
3.77	1.20827e+017
3.78	1.3291e+017
3.79	1.46201e+017
3.8	1.60821e+017
3.81	1.76903e+017
3.82	1.94593e+017
3.83	2.14052e+017
3.84	2.35457e+017
3.85	2.59003e+017
3.86	2.84903e+017
3.87	3.13394e+017
3.88	3.44733e+017
3.89	3.79207e+017
3.9	4.17127e+017
3.91	4.5884e+017
3.92	5.04724e+017
3.93	5.55196e+017
3.94	6.10716e+017
3.95	6.71787e+017
3.96	7.38966e+017
3.97	8.12863e+017
3.98	8.94149e+017
3.99	9.83564e+017
4	1.08192e+018
4.01	1.19011e+018
4.02	1.30912e+018
4.03	1.44004e+018
4.04	1.58404e+018
4.05	1.74244e+018
4.06	1.91669e+018
4.07	2.10836e+018
4.08	2.31919e+018
4.09	2.55111e+018
4.1	2.80622e+018
4.11	3.08685e+018
4.12	3.39553e+018
4.13	3.73508e+018
4.14	4.10859e+018
4.15	4.51945e+018
4.16	4.9714e+018
4.17	5.46853e+018
4.18	6.01539e+018
4.19	6.61693e+018
4.2	7.27862e+018
4.21	8.00648e+018
4.22	8.80713e+018
4.23	9.68784e+018
4.24	1.06566e+019
4.25	1.17223e+019
4.26	1.28945e+019
4.27	1.4184e+019
4.28	1.56024e+019
4.29	1.71626e+019
4.3	1.88789e+019
4.31	2.07668e+019
4.32	2.28434e+019
4.33	2.51278e+019
4.34	2.76405e+019
4.35	3.04046e+019
4.36	3.34451e+019
4.37	3.67896e+019
4.38	4.04685e+019
4.39	4.45154e+019
4.4	4.89669e+019
4.41	5.38636e+019
4.42	5.925e+019
4.43	6.5175e+019
4.44	7.16925e+019
4.45	7.88617e+019
4.46	8.67479e+019
4.47	9.54227e+019
4.48	1.04965e+020
4.49	1.15461e+020
4.5	1.27008e+020
4.51	1.39708e+020
4.52	1.53679e+020
4.53	1.69047e+020
4.54	1.85952e+020
4.55	2.04547e+020
4.56	2.25002e+020
4.57	2.47502e+020
4.58	2.72252e+020
4.59	2.99477e+020
4.6	3.29425e+020
4.61	3.62367e+020
4.62	3.98604e+020
4.63	4.38465e+020
4.64	4.82311e+020
4.65	5.30542e+020
4.66	5.83596e+020
4.67	6.41956e+020
4.68	7.06152e+020
4.69	7.76767e+020
4.7	8.54443e+020
4.71	9.39888e+020
4.72	1.03388e+021
4.73	1.13726e+021
4.74	1.25099e+021
4.75	1.37609e+021
4.76	1.5137e+021
4.77	1.66507e+021
4.78	1.83158e+021
4.79	2.01473e+021
4.8	2.21621e+021
4.81	2.43783e+021
4.82	2.68161e+021
4.83	2.94977e+021
4.84	3.24475e+021
4.85	3.56922e+021
4.86	3.92614e+021
4.87	4.31876e+021
4.88	4.75063e+021
4.89	5.2257e+021
4.9	5.74827e+021
4.91	6.32309e+021
4.92	6.9554e+021
4.93	7.65094e+021
4.94	8.41604e+021
4.95	9.25764e+021
4.96	1.01834e+022
4.97	1.12017e+022
4.98	1.23219e+022
4.99	1.35541e+022
5	1.49095e+022
5.01	1.64005e+022
5.02	1.80405e+022
5.03	1.98446e+022
5.04	2.1829e+022
5.05	2.40119e+022
5.06	2.64131e+022
5.07	2.90544e+022
5.08	3.19599e+022
5.09	3.51559e+022
5.1	3.86715e+022
5.11	4.25386e+022
5.12	4.67925e+022
5.13	5.14717e+022
5.14	5.66189e+022
5.15	6.22808e+022
5.16	6.85089e+022
5.17	7.53598e+022
5.18	8.28957e+022
5.19	9.11853e+022
5.2	1.00304e+023
5.21	1.10334e+023
5.22	1.21368e+023
5.23	1.33504e+023
5.24	1.46855e+023
5.25	1.6154e+023
5.26	1.77694e+023
5.27	1.95464e+023
5.28	2.1501e+023
5.29	2.36511e+023
5.3	2.60162e+023
5.31	2.86179e+023
5.32	3.14796e+023
5.33	3.46276e+023
5.34	3.80904e+023
5.35	4.18994e+023
5.36	4.60893e+023
5.37	5.06983e+023
5.38	5.57681e+023
5.39	6.13449e+023
5.4	6.74794e+023
5.41	7.42273e+023
5.42	8.16501e+023
5.43	8.98151e+023
5.44	9.87966e+023
5.45	1.08676e+024
5.46	1.19544e+024
5.47	1.31498e+024
5.48	1.44648e+024
5.49	1.59113e+024
5.5	1.75024e+024
5.51	1.92527e+024
5.52	2.11779e+024
5.53	2.32957e+024
5.54	2.56253e+024
5.55	2.81878e+024
5.56	3.10066e+024
5.57	3.41073e+024
5.58	3.7518e+024
5.59	4.12698e+024
5.6	4.53968e+024
5.61	4.99364e+024
5.62	5.49301e+024
5.63	6.04231e+024
5.64	6.64654e+024
5.65	7.3112e+024
5.66	8.04231e+024
5.67	8.84655e+024
5.68	9.7312e+024
5.69	1.07043e+025
5.7	1.17748e+025
5.71	1.29522e+025
5.72	1.42475e+025
5.73	1.56722e+025
5.74	1.72394e+025
5.75	1.89634e+025
5.76	2.08597e+025
5.77	2.29457e+025
5.78	2.52402e+025
5.79	2.77643e+025
5.8	3.05407e+025
5.81	3.35947e+025
5.82	3.69542e+025
5.83	4.06496e+025
5.84	4.47146e+025
5.85	4.91861e+025
5.86	5.41047e+025
5.87	5.95151e+025
5.88	6.54667e+025
5.89	7.20133e+025
5.9	7.92146e+025
5.91	8.71361e+025
5.92	9.58497e+025
5.93	1.05435e+026
5.94	1.15978e+026
5.95	1.27576e+026
5.96	1.40334e+026
5.97	1.54367e+026
5.98	1.69804e+026
5.99	1.86784e+026
6	2.05462e+026
6.01	2.26009e+026
6.02	2.48609e+026
6.03	2.7347e+026
6.04	3.00817e+026
6.05	3.30899e+026
6.06	3.63989e+026
6.07	4.00388e+026
6.08	4.40427e+026
6.09	4.8447e+026
6.1	5.32917e+026
6.11	5.86208e+026
6.12	6.44829e+026
6.13	7.09312e+026
6.14	7.80243e+026
6.15	8.58267e+026
6.16	9.44094e+026
6.17	1.0385e+027
6.18	1.14235e+027
6.19	1.25659e+027
6.2	1.38225e+027
6.21	1.52047e+027
6.22	1.67252e+027
6.23	1.83977e+027
6.24	2.02375e+027
6.25	2.22612e+027
6.26	2.44874e+027
6.27	2.69361e+027
6.28	2.96297e+027
6.29	3.25927e+027
6.3	3.5852e+027
6.31	3.94372e+027
6.32	4.33809e+027
6.33	4.7719e+027
6.34	5.24909e+027
6.35	5.77399e+027
6.36	6.35139e+027
6.37	6.98653e+027
6.38	7.68519e+027
6.39	8.4537e+027
6.4	9.29908e+027
6.41	1.0229e+028
6.42	1.12519e+028
6.43	1.23771e+028
6.44	1.36148e+028
6.45	1.49763e+028
6.46	1.64739e+028
6.47	1.81213e+028
6.48	1.99334e+028
6.49	2.19267e+028
6.5	2.41194e+028
6.51	2.65313e+028
6.52	2.91845e+028
6.53	3.21029e+028
6.54	3.53132e+028
6.55	3.88445e+028
6.56	4.2729e+028
6.57	4.70019e+028
6.58	5.17021e+028
6.59	5.68723e+028
6.6	6.25595e+028
6.61	6.88155e+028
6.62	7.5697e+028
6.63	8.32667e+028
6.64	9.15934e+028
6.65	1.00753e+029
6.66	1.10828e+029
6.67	1.21911e+029
6.68	1.34102e+029
6.69	1.47512e+029
6.7	1.62263e+029
6.71	1.7849e+029
6.72	1.96339e+029
6.73	2.15972e+029
6.74	2.3757e+029
6.75	2.61327e+029
6.76	2.87459e+029
6.77	3.16205e+029
6.78	3.47826e+029
6.79	3.82608e+029
6.8	4.20869e+029
6.81	4.62956e+029
6.82	5.09252e+029
6.83	5.60177e+029
6.84	6.16195e+029
6.85	6.77814e+029
6.86	7.45595e+029
6.87	8.20155e+029
6.88	9.02171e+029
6.89	9.92388e+029
6.9	1.09163e+030
6.91	1.20079e+030
6.92	1.32087e+030
6.93	1.45295e+030
6.94	1.59825e+030
6.95	1.75808e+030
6.96	1.93388e+030
6.97	2.12727e+030
6.98	2.34e+030
6.99	2.574e+030
7	2.8314e+030
7.01	3.11454e+030
7.02	3.42599e+030
7.03	3.76859e+030
7.04	4.14545e+030
7.05	4.55999e+030
7.06	5.01599e+030
7.07	5.51759e+030
7.08	6.06935e+030
7.09	6.67629e+030
7.1	7.34392e+030
7.11	8.07831e+030
7.12	8.88614e+030
7.13	9.77475e+030
7.14	1.07522e+031
7.15	1.18275e+031
7.16	1.30102e+031
7.17	1.43112e+031
7.18	1.57423e+031
7.19	1.73166e+031
7.2	1.90482e+031
7.21	2.09531e+031
7.22	2.30484e+031
7.23	2.53532e+031
7.24	2.78885e+031
7.25	3.06774e+031
7.26	3.37451e+031
7.27	3.71196e+031
7.28	4.08316e+031
7.29	4.49147e+031
7.3	4.94062e+031
7.31	5.43468e+031
7.32	5.97815e+031
7.33	6.57596e+031
7.34	7.23356e+031
7.35	7.95692e+031
7.36	8.75261e+031
7.37	9.62787e+031
7.38	1.05907e+032
7.39	1.16497e+032
7.4	1.28147e+032
7.41	1.40962e+032
7.42	1.55058e+032
7.43	1.70564e+032
7.44	1.8762e+032
7.45	2.06382e+032
7.46	2.2702e+032
7.47	2.49722e+032
7.48	2.74694e+032
7.49	3.02164e+032
7.5	3.3238e+032
7.51	3.65618e+032
7.52	4.0218e+032
7.53	4.42398e+032
7.54	4.86638e+032
7.55	5.35302e+032
7.56	5.88832e+032
7.57	6.47715e+032
7.58	7.12486e+032
7.59	7.83735e+032
7.6	8.62109e+032
7.61	9.48319e+032
7.62	1.04315e+033
7.63	1.14747e+033
7.64	1.26221e+033
7.65	1.38843e+033
7.66	1.52728e+033
7.67	1.68001e+033
7.68	1.84801e+033
7.69	2.03281e+033
7.7	2.23609e+033
7.71	2.4597e+033
7.72	2.70567e+033
7.73	2.97623e+033
7.74	3.27386e+033
7.75	3.60124e+033
7.76	3.96137e+033
7.77	4.3575e+033
7.78	4.79325e+033
7.79	5.27258e+033
7.8	5.79984e+033
7.81	6.37982e+033
7.82	7.0178e+033
7.83	7.71958e+033
7.84	8.49154e+033
7.85	9.34069e+033
7.86	1.02748e+034
7.87	1.13022e+034
7.88	1.24325e+034
7.89	1.36757e+034
7.9	1.50433e+034
7.91	1.65476e+034
7.92	1.82024e+034
7.93	2.00226e+034
7.94	2.20249e+034
7.95	2.42274e+034
7.96	2.66501e+034
7.97	2.93151e+034
7.98	3.22466e+034
7.99	3.54713e+034
8	3.90184e+034
8.01	4.29202e+034
8.02	4.72123e+034
8.03	5.19335e+034
8.04	5.71268e+034
8.05	6.28395e+034
8.06	6.91235e+034
8.07	7.60358e+034
8.08	8.36394e+034
8.09	9.20033e+034
8.1	1.01204e+035
8.11	1.11324e+035
8.12	1.22456e+035
8.13	1.34702e+035
8.14	1.48172e+035
8.15	1.6299e+035
8.16	1.79288e+035
8.17	1.97217e+035
8.18	2.16939e+035
8.19	2.38633e+035
8.2	2.62496e+035
8.21	2.88746e+035
8.22	3.1762e+035
8.23	3.49382e+035
8.24	3.84321e+035
8.25	4.22753e+035
8.26	4.65028e+035
8.27	5.11531e+035
8.28	5.62684e+035
8.29	6.18952e+035
8.3	6.80848e+035
8.31	7.48932e+035
8.32	8.23826e+035
8.33	9.06208e+035
8.34	9.96829e+035
8.35	1.09651e+036
8.36	1.20616e+036
8.37	1.32678e+036
8.38	1.45946e+036
8.39	1.6054e+036
8.4	1.76594e+036
8.41	1.94254e+036
8.42	2.13679e+036
8.43	2.35047e+036
8.44	2.58552e+036
8.45	2.84407e+036
8.46	3.12848e+036
8.47	3.44132e+036
8.48	3.78546e+036
8.49	4.164e+036
8.5	4.5804e+036
8.51	5.03844e+036
8.52	5.54229e+036
8.53	6.09652e+036
8.54	6.70617e+036
8.55	7.37678e+036
8.56	8.11446e+036
8.57	8.92591e+036
8.58	9.8185e+036
8.59	1.08003e+037
8.6	1.18804e+037
8.61	1.30684e+037
8.62	1.43753e+037
8.63	1.58128e+037
8.64	1.73941e+037
8.65	1.91335e+037
8.66	2.10468e+037
8.67	2.31515e+037
8.68	2.54667e+037
8.69	2.80133e+037
8.7	3.08147e+037
8.71	3.38961e+037
8.72	3.72857e+037
8.73	4.10143e+037
8.74	4.51157e+037
8.75	4.96273e+037
8.76	5.459e+037
8.77	6.0049e+037
8.78	6.6054e+037
8.79	7.26594e+037
8.8	7.99253e+037
8.81	8.79178e+037
8.82	9.67096e+037
8.83	1.06381e+038
8.84	1.17019e+038
8.85	1.2872e+038
8.86	1.41593e+038
8.87	1.55752e+038
8.88	1.71327e+038
8.89	1.8846e+038
8.9	2.07306e+038
8.91	2.28036e+038
8.92	2.5084e+038
8.93	2.75924e+038
8.94	3.03516e+038
8.95	3.33868e+038
8.96	3.67255e+038
8.97	4.0398e+038
8.98	4.44378e+038
8.99	4.88816e+038
9	5.37697e+038
9.01	5.91467e+038
9.02	6.50614e+038
9.03	7.15675e+038
9.04	7.87243e+038
9.05	8.65967e+038
9.06	9.52564e+038
9.07	1.04782e+039
9.08	1.1526e+039
9.09	1.26786e+039
9.1	1.39465e+039
9.11	1.53411e+039
9.12	1.68752e+039
9.13	1.85628e+039
9.14	2.0419e+039
9.15	2.2461e+039
9.16	2.4707e+039
9.17	2.71778e+039
9.18	2.98955e+039
9.19	3.28851e+039
9.2	3.61736e+039
9.21	3.97909e+039
9.22	4.377e+039
9.23	4.8147e+039
9.24	5.29618e+039
9.25	5.82579e+039
9.26	6.40837e+039
9.27	7.04921e+039
9.28	7.75413e+039
9.29	8.52954e+039
9.3	9.3825e+039
9.31	1.03207e+040
9.32	1.13528e+040
9.33	1.24881e+040
9.34	1.37369e+040
9.35	1.51106e+040
9.36	1.66217e+040
9.37	1.82838e+040
9.38	2.01122e+040
9.39	2.21234e+040
9.4	2.43358e+040
9.41	2.67694e+040
9.42	2.94463e+040
9.43	3.23909e+040
9.44	3.563e+040
9.45	3.9193e+040
9.46	4.31123e+040
9.47	4.74236e+040
9.48	5.21659e+040
9.49	5.73825e+040
9.5	6.31208e+040
9.51	6.94328e+040
9.52	7.63761e+040
9.53	8.40137e+040
9.54	9.24151e+040
9.55	1.01657e+041
9.56	1.11822e+041
9.57	1.23004e+041
9.58	1.35305e+041
9.59	1.48835e+041
9.6	1.63719e+041
9.61	1.80091e+041
9.62	1.981e+041
9.63	2.1791e+041
9.64	2.39701e+041
9.65	2.63671e+041
9.66	2.90038e+041
9.67	3.19042e+041
9.68	3.50946e+041
9.69	3.86041e+041
9.7	4.24645e+041
9.71	4.67109e+041
9.72	5.1382e+041
9.73	5.65202e+041
9.74	6.21723e+041
9.75	6.83895e+041
9.76	7.52284e+041
9.77	8.27513e+041
9.78	9.10264e+041
9.79	1.00129e+042
9.8	1.10142e+042
9.81	1.21156e+042
9.82	1.33272e+042
9.83	1.46599e+042
9.84	1.61259e+042
9.85	1.77385e+042
9.86	1.95123e+042
9.87	2.14635e+042
9.88	2.36099e+042
9.89	2.59709e+042
9.9	2.8568e+042
9.91	3.14248e+042
9.92	3.45673e+042
9.93	3.8024e+042
9.94	4.18264e+042
9.95	4.6009e+042
9.96	5.06099e+042
9.97	5.56709e+042
9.98	6.1238e+042
9.99	6.73618e+042
10	7.4098e+042
