Time	Population
0	1
0.01	1.019
0.02	1.03834
0.03	1.05803
0.04	1.07807
0.05	1.09847
0.06	1.11923
0.07	1.14037
0.08	1.16187
0.09	1.18376
0.1	1.20603
0.11	1.2287
0.12	1.25176
0.13	1.27523
0.14	1.29911
0.15	1.32341
0.16	1.34812
0.17	1.37327
0.18	1.39885
0.19	1.42487
0.2	1.45133
0.21	1.47825
0.22	1.50563
0.23	1.53348
0.24	1.5618
0.25	1.59059
0.26	1.61988
0.27	1.64965
0.28	1.67992
0.29	1.7107
0.3	1.74199
0.31	1.77379
0.32	1.80612
0.33	1.83898
0.34	1.87238
0.35	1.90632
0.36	1.94081
0.37	1.97586
0.38	2.01148
0.39	2.04766
0.4	2.08442
0.41	2.12176
0.42	2.1597
0.43	2.19823
0.44	2.23736
0.45	2.2771
0.46	2.31746
0.47	2.35843
0.48	2.40004
0.49	2.44228
0.5	2.48516
0.51	2.52869
0.52	2.57287
0.53	2.61771
0.54	2.66321
0.55	2.70938
0.56	2.75623
0.57	2.80375
0.58	2.85197
0.59	2.90087
0.6	2.95048
0.61	3.00078
0.62	3.05179
0.63	3.10351
0.64	3.15595
0.65	3.20911
0.66	3.263
0.67	3.31761
0.68	3.37295
0.69	3.42904
0.7	3.48586
0.71	3.54342
0.72	3.60174
0.73	3.6608
0.74	3.72061
0.75	3.78118
0.76	3.84251
0.77	3.9046
0.78	3.96744
0.79	4.03105
0.8	4.09542
0.81	4.16056
0.82	4.22646
0.83	4.29312
0.84	4.36056
0.85	4.42875
0.86	4.49771
0.87	4.56744
0.88	4.63793
0.89	4.70917
0.9	4.78118
0.91	4.85395
0.92	4.92746
0.93	5.00173
0.94	5.07675
0.95	5.15251
0.96	5.22901
0.97	5.30625
0.98	5.38422
0.99	5.46291
1	5.54233
1.01	5.62246
1.02	5.7033
1.03	5.78483
1.04	5.86707
1.05	5.94998
1.06	6.03358
1.07	6.11785
1.08	6.20278
1.09	6.28836
1.1	6.37458
1.11	6.46144
1.12	6.54892
1.13	6.63701
1.14	6.7257
1.15	6.81498
1.16	6.90483
1.17	6.99525
1.18	7.08622
1.19	7.17773
1.2	7.26977
1.21	7.36232
1.22	7.45536
1.23	7.54888
1.24	7.64287
1.25	7.73732
1.26	7.8322
1.27	7.9275
1.28	8.0232
1.29	8.1193
1.3	8.21576
1.31	8.31258
1.32	8.40973
1.33	8.5072
1.34	8.60497
1.35	8.70303
1.36	8.80134
1.37	8.89991
1.38	8.9987
1.39	9.09769
1.4	9.19688
1.41	9.29623
1.42	9.39574
1.43	9.49537
1.44	9.59512
1.45	9.69496
1.46	9.79486
1.47	9.89482
1.48	9.99481
1.49	10.0948
1.5	10.1948
1.51	10.2948
1.52	10.3947
1.53	10.4945
1.54	10.5943
1.55	10.6939
1.56	10.7934
1.57	10.8928
1.58	10.992
1.59	11.091
1.6	11.1898
1.61	11.2884
1.62	11.3868
1.63	11.4848
1.64	11.5826
1.65	11.6801
1.66	11.7773
1.67	11.8741
1.68	11.9706
1.69	12.0668
1.7	12.1625
1.71	12.2578
1.72	12.3527
1.73	12.4472
1.74	12.5412
1.75	12.6347
1.76	12.7278
1.77	12.8203
1.78	12.9124
1.79	13.0039
1.8	13.0949
1.81	13.1853
1.82	13.2752
1.83	13.3644
1.84	13.4531
1.85	13.5412
1.86	13.6286
1.87	13.7155
1.88	13.8017
1.89	13.8872
1.9	13.9721
1.91	14.0563
1.92	14.1399
1.93	14.2227
1.94	14.3049
1.95	14.3864
1.96	14.4671
1.97	14.5472
1.98	14.6265
1.99	14.7051
2	14.783
2.01	14.8601
2.02	14.9365
2.03	15.0121
2.04	15.087
2.05	15.1611
2.06	15.2345
2.07	15.3071
2.08	15.3789
2.09	15.45
2.1	15.5203
2.11	15.5898
2.12	15.6585
2.13	15.7265
2.14	15.7937
2.15	15.8602
2.16	15.9258
2.17	15.9907
2.18	16.0548
2.19	16.1182
2.2	16.1807
2.21	16.2425
2.22	16.3036
2.23	16.3638
2.24	16.4233
2.25	16.4821
2.26	16.54
2.27	16.5973
2.28	16.6538
2.29	16.7095
2.3	16.7645
2.31	16.8187
2.32	16.8722
2.33	16.925
2.34	16.977
2.35	17.0283
2.36	17.079
2.37	17.1288
2.38	17.178
2.39	17.2265
2.4	17.2743
2.41	17.3214
2.42	17.3678
2.43	17.4135
2.44	17.4585
2.45	17.5029
2.46	17.5466
2.47	17.5896
2.48	17.632
2.49	17.6738
2.5	17.7149
2.51	17.7554
2.52	17.7952
2.53	17.8345
2.54	17.8731
2.55	17.9111
2.56	17.9485
2.57	17.9853
2.58	18.0216
2.59	18.0572
2.6	18.0923
2.61	18.1268
2.62	18.1608
2.63	18.1942
2.64	18.227
2.65	18.2594
2.66	18.2911
2.67	18.3224
2.68	18.3531
2.69	18.3834
2.7	18.4131
2.71	18.4423
2.72	18.471
2.73	18.4993
2.74	18.527
2.75	18.5543
2.76	18.5811
2.77	18.6075
2.78	18.6334
2.79	18.6589
2.8	18.6839
2.81	18.7085
2.82	18.7327
2.83	18.7564
2.84	18.7797
2.85	18.8026
2.86	18.8252
2.87	18.8473
2.88	18.869
2.89	18.8903
2.9	18.9113
2.91	18.9319
2.92	18.9521
2.93	18.972
2.94	18.9915
2.95	19.0106
2.96	19.0294
2.97	19.0479
2.98	19.066
2.99	19.0838
3	19.1013
3.01	19.1185
3.02	19.1353
3.03	19.1519
3.04	19.1681
3.05	19.1841
3.06	19.1997
3.07	19.2151
3.08	19.2302
3.09	19.245
3.1	19.2595
3.11	19.2738
3.12	19.2878
3.13	19.3015
3.14	19.315
3.15	19.3282
3.16	19.3412
3.17	19.3539
3.18	19.3665
3.19	19.3787
3.2	19.3908
3.21	19.4026
3.22	19.4142
3.23	19.4255
3.24	19.4367
3.25	19.4476
3.26	19.4584
3.27	19.4689
3.28	19.4793
3.29	19.4894
3.3	19.4994
3.31	19.5091
3.32	19.5187
3.33	19.5281
3.34	19.5373
3.35	19.5464
3.36	19.5552
3.37	19.5639
3.38	19.5724
3.39	19.5808
3.4	19.589
3.41	19.5971
3.42	19.605
3.43	19.6127
3.44	19.6203
3.45	19.6278
3.46	19.6351
3.47	19.6422
3.48	19.6493
3.49	19.6562
3.5	19.6629
3.51	19.6695
3.52	19.676
3.53	19.6824
3.54	19.6887
3.55	19.6948
3.56	19.7008
3.57	19.7067
3.58	19.7125
3.59	19.7181
3.6	19.7237
3.61	19.7292
3.62	19.7345
3.63	19.7397
3.64	19.7449
3.65	19.7499
3.66	19.7549
3.67	19.7597
3.68	19.7644
3.69	19.7691
3.7	19.7737
3.71	19.7781
3.72	19.7825
3.73	19.7868
3.74	19.791
3.75	19.7952
3.76	19.7992
3.77	19.8032
3.78	19.8071
3.79	19.8109
3.8	19.8147
3.81	19.8183
3.82	19.8219
3.83	19.8255
3.84	19.8289
3.85	19.8323
3.86	19.8357
3.87	19.8389
3.88	19.8421
3.89	19.8452
3.9	19.8483
3.91	19.8513
3.92	19.8543
3.93	19.8572
3.94	19.86
3.95	19.8628
3.96	19.8655
3.97	19.8682
3.98	19.8708
3.99	19.8734
4	19.8759
4.01	19.8784
4.02	19.8808
4.03	19.8831
4.04	19.8855
4.05	19.8877
4.06	19.89
4.07	19.8922
4.08	19.8943
4.09	19.8964
4.1	19.8985
4.11	19.9005
4.12	19.9025
4.13	19.9044
4.14	19.9063
4.15	19.9082
4.16	19.91
4.17	19.9118
4.18	19.9136
4.19	19.9153
4.2	19.917
4.21	19.9186
4.22	19.9202
4.23	19.9218
4.24	19.9234
4.25	19.9249
4.26	19.9264
4.27	19.9279
4.28	19.9293
4.29	19.9307
4.3	19.9321
4.31	19.9335
4.32	19.9348
4.33	19.9361
4.34	19.9374
4.35	19.9386
4.36	19.9398
4.37	19.941
4.38	19.9422
4.39	19.9434
4.4	19.9445
4.41	19.9456
4.42	19.9467
4.43	19.9477
4.44	19.9488
4.45	19.9498
4.46	19.9508
4.47	19.9518
4.48	19.9528
4.49	19.9537
4.5	19.9546
4.51	19.9555
4.52	19.9564
4.53	19.9573
4.54	19.9581
4.55	19.959
4.56	19.9598
4.57	19.9606
4.58	19.9614
4.59	19.9621
4.6	19.9629
4.61	19.9636
4.62	19.9644
4.63	19.9651
4.64	19.9658
4.65	19.9665
4.66	19.9671
4.67	19.9678
4.68	19.9684
4.69	19.9691
4.7	19.9697
4.71	19.9703
4.72	19.9709
4.73	19.9715
4.74	19.972
4.75	19.9726
4.76	19.9731
4.77	19.9737
4.78	19.9742
4.79	19.9747
4.8	19.9752
4.81	19.9757
4.82	19.9762
4.83	19.9767
4.84	19.9771
4.85	19.9776
4.86	19.978
4.87	19.9785
4.88	19.9789
4.89	19.9793
4.9	19.9797
4.91	19.9802
4.92	19.9805
4.93	19.9809
4.94	19.9813
4.95	19.9817
4.96	19.9821
4.97	19.9824
4.98	19.9828
4.99	19.9831
5	19.9834
5.01	19.9838
5.02	19.9841
5.03	19.9844
5.04	19.9847
5.05	19.985
5.06	19.9853
5.07	19.9856
5.08	19.9859
5.09	19.9862
5.1	19.9865
5.11	19.9867
5.12	19.987
5.13	19.9873
5.14	19.9875
5.15	19.9878
5.16	19.988
5.17	19.9883
5.18	19.9885
5.19	19.9887
5.2	19.9889
5.21	19.9892
5.22	19.9894
5.23	19.9896
5.24	19.9898
5.25	19.99
5.26	19.9902
5.27	19.9904
5.28	19.9906
5.29	19.9908
5.3	19.991
5.31	19.9911
5.32	19.9913
5.33	19.9915
5.34	19.9917
5.35	19.9918
5.36	19.992
5.37	19.9922
5.38	19.9923
5.39	19.9925
5.4	19.9926
5.41	19.9928
5.42	19.9929
5.43	19.9931
5.44	19.9932
5.45	19.9933
5.46	19.9935
5.47	19.9936
5.48	19.9937
5.49	19.9938
5.5	19.994
5.51	19.9941
5.52	19.9942
5.53	19.9943
5.54	19.9944
5.55	19.9945
5.56	19.9947
5.57	19.9948
5.58	19.9949
5.59	19.995
5.6	19.9951
5.61	19.9952
5.62	19.9953
5.63	19.9954
5.64	19.9955
5.65	19.9955
5.66	19.9956
5.67	19.9957
5.68	19.9958
5.69	19.9959
5.7	19.996
5.71	19.9961
5.72	19.9961
5.73	19.9962
5.74	19.9963
5.75	19.9964
5.76	19.9964
5.77	19.9965
5.78	19.9966
5.79	19.9966
5.8	19.9967
5.81	19.9968
5.82	19.9968
5.83	19.9969
5.84	19.997
5.85	19.997
5.86	19.9971
5.87	19.9971
5.88	19.9972
5.89	19.9973
5.9	19.9973
5.91	19.9974
5.92	19.9974
5.93	19.9975
5.94	19.9975
5.95	19.9976
5.96	19.9976
5.97	19.9977
5.98	19.9977
5.99	19.9978
6	19.9978
6.01	19.9978
6.02	19.9979
6.03	19.9979
6.04	19.998
6.05	19.998
6.06	19.9981
6.07	19.9981
6.08	19.9981
6.09	19.9982
6.1	19.9982
6.11	19.9982
6.12	19.9983
6.13	19.9983
6.14	19.9983
6.15	19.9984
6.16	19.9984
6.17	19.9984
6.18	19.9985
6.19	19.9985
6.2	19.9985
6.21	19.9986
6.22	19.9986
6.23	19.9986
6.24	19.9986
6.25	19.9987
6.26	19.9987
6.27	19.9987
6.28	19.9988
6.29	19.9988
6.3	19.9988
6.31	19.9988
6.32	19.9988
6.33	19.9989
6.34	19.9989
6.35	19.9989
6.36	19.9989
6.37	19.999
6.38	19.999
6.39	19.999
6.4	19.999
6.41	19.999
6.42	19.9991
6.43	19.9991
6.44	19.9991
6.45	19.9991
6.46	19.9991
6.47	19.9992
6.48	19.9992
6.49	19.9992
6.5	19.9992
6.51	19.9992
6.52	19.9992
6.53	19.9992
6.54	19.9993
6.55	19.9993
6.56	19.9993
6.57	19.9993
6.58	19.9993
6.59	19.9993
6.6	19.9993
6.61	19.9994
6.62	19.9994
6.63	19.9994
6.64	19.9994
6.65	19.9994
6.66	19.9994
6.67	19.9994
6.68	19.9994
6.69	19.9995
6.7	19.9995
6.71	19.9995
6.72	19.9995
6.73	19.9995
6.74	19.9995
6.75	19.9995
6.76	19.9995
6.77	19.9995
6.78	19.9995
6.79	19.9996
6.8	19.9996
6.81	19.9996
6.82	19.9996
6.83	19.9996
6.84	19.9996
6.85	19.9996
6.86	19.9996
6.87	19.9996
6.88	19.9996
6.89	19.9996
6.9	19.9996
6.91	19.9997
6.92	19.9997
6.93	19.9997
6.94	19.9997
6.95	19.9997
6.96	19.9997
6.97	19.9997
6.98	19.9997
6.99	19.9997
7	19.9997
7.01	19.9997
7.02	19.9997
7.03	19.9997
7.04	19.9997
7.05	19.9997
7.06	19.9997
7.07	19.9997
7.08	19.9998
7.09	19.9998
7.1	19.9998
7.11	19.9998
7.12	19.9998
7.13	19.9998
7.14	19.9998
7.15	19.9998
7.16	19.9998
7.17	19.9998
7.18	19.9998
7.19	19.9998
7.2	19.9998
7.21	19.9998
7.22	19.9998
7.23	19.9998
7.24	19.9998
7.25	19.9998
7.26	19.9998
7.27	19.9998
7.28	19.9998
7.29	19.9998
7.3	19.9998
7.31	19.9998
7.32	19.9998
7.33	19.9999
7.34	19.9999
7.35	19.9999
7.36	19.9999
7.37	19.9999
7.38	19.9999
7.39	19.9999
7.4	19.9999
7.41	19.9999
7.42	19.9999
7.43	19.9999
7.44	19.9999
7.45	19.9999
7.46	19.9999
7.47	19.9999
7.48	19.9999
7.49	19.9999
7.5	19.9999
7.51	19.9999
7.52	19.9999
7.53	19.9999
7.54	19.9999
7.55	19.9999
7.56	19.9999
7.57	19.9999
7.58	19.9999
7.59	19.9999
7.6	19.9999
7.61	19.9999
7.62	19.9999
7.63	19.9999
7.64	19.9999
7.65	19.9999
7.66	19.9999
7.67	19.9999
7.68	19.9999
7.69	19.9999
7.7	19.9999
7.71	19.9999
7.72	19.9999
7.73	19.9999
7.74	19.9999
7.75	19.9999
7.76	19.9999
7.77	19.9999
7.78	19.9999
7.79	19.9999
7.8	19.9999
7.81	19.9999
7.82	19.9999
7.83	19.9999
7.84	19.9999
7.85	19.9999
7.86	19.9999
7.87	19.9999
7.88	20
7.89	20
7.9	20
7.91	20
7.92	20
7.93	20
7.94	20
7.95	20
7.96	20
7.97	20
7.98	20
7.99	20
8	20
8.01	20
8.02	20
8.03	20
8.04	20
8.05	20
8.06	20
8.07	20
8.08	20
8.09	20
8.1	20
8.11	20
8.12	20
8.13	20
8.14	20
8.15	20
8.16	20
8.17	20
8.18	20
8.19	20
8.2	20
8.21	20
8.22	20
8.23	20
8.24	20
8.25	20
8.26	20
8.27	20
8.28	20
8.29	20
8.3	20
8.31	20
8.32	20
8.33	20
8.34	20
8.35	20
8.36	20
8.37	20
8.38	20
8.39	20
8.4	20
8.41	20
8.42	20
8.43	20
8.44	20
8.45	20
8.46	20
8.47	20
8.48	20
8.49	20
8.5	20
8.51	20
8.52	20
8.53	20
8.54	20
8.55	20
8.56	20
8.57	20
8.58	20
8.59	20
8.6	20
8.61	20
8.62	20
8.63	20
8.64	20
8.65	20
8.66	20
8.67	20
8.68	20
8.69	20
8.7	20
8.71	20
8.72	20
8.73	20
8.74	20
8.75	20
8.76	20
8.77	20
8.78	20
8.79	20
8.8	20
8.81	20
8.82	20
8.83	20
8.84	20
8.85	20
8.86	20
8.87	20
8.88	20
8.89	20
8.9	20
8.91	20
8.92	20
8.93	20
8.94	20
8.95	20
8.96	20
8.97	20
8.98	20
8.99	20
9	20
9.01	20
9.02	20
9.03	20
9.04	20
9.05	20
9.06	20
9.07	20
9.08	20
9.09	20
9.1	20
9.11	20
9.12	20
9.13	20
9.14	20
9.15	20
9.16	20
9.17	20
9.18	20
9.19	20
9.2	20
9.21	20
9.22	20
9.23	20
9.24	20
9.25	20
9.26	20
9.27	20
9.28	20
9.29	20
9.3	20
9.31	20
9.32	20
9.33	20
9.34	20
9.35	20
9.36	20
9.37	20
9.38	20
9.39	20
9.4	20
9.41	20
9.42	20
9.43	20
9.44	20
9.45	20
9.46	20
9.47	20
9.48	20
9.49	20
9.5	20
9.51	20
9.52	20
9.53	20
9.54	20
9.55	20
9.56	20
9.57	20
9.58	20
9.59	20
9.6	20
9.61	20
9.62	20
9.63	20
9.64	20
9.65	20
9.66	20
9.67	20
9.68	20
9.69	20
9.7	20
9.71	20
9.72	20
9.73	20
9.74	20
9.75	20
9.76	20
9.77	20
9.78	20
9.79	20
9.8	20
9.81	20
9.82	20
9.83	20
9.84	20
9.85	20
9.86	20
9.87	20
9.88	20
9.89	20
9.9	20
9.91	20
9.92	20
9.93	20
9.94	20
9.95	20
9.96	20
9.97	20
9.98	20
9.99	20
10	20
