Time	Population
0	30
0.01	28.0705
0.02	26.7028
0.03	25.6885
0.04	24.9127
0.05	24.3062
0.06	23.8241
0.07	23.4362
0.08	23.1208
0.09	22.8624
0.1	22.6494
0.11	22.473
0.12	22.3261
0.13	22.2035
0.14	22.1008
0.15	22.0146
0.16	21.9422
0.17	21.8811
0.18	21.8296
0.19	21.7861
0.2	21.7493
0.21	21.7182
0.22	21.6919
0.23	21.6696
0.24	21.6506
0.25	21.6346
0.26	21.621
0.27	21.6094
0.28	21.5996
0.29	21.5913
0.3	21.5843
0.31	21.5783
0.32	21.5732
0.33	21.5688
0.34	21.5652
0.35	21.562
0.36	21.5594
0.37	21.5571
0.38	21.5552
0.39	21.5536
0.4	21.5522
0.41	21.551
0.42	21.55
0.43	21.5492
0.44	21.5484
0.45	21.5478
0.46	21.5473
0.47	21.5469
0.48	21.5465
0.49	21.5462
0.5	21.5459
0.51	21.5457
0.52	21.5455
0.53	21.5453
0.54	21.5452
0.55	21.545
0.56	21.5449
0.57	21.5448
0.58	21.5448
0.59	21.5447
0.6	21.5447
0.61	21.5446
0.62	21.5446
0.63	21.5445
0.64	21.5445
0.65	21.5445
0.66	21.5445
0.67	21.5444
0.68	21.5444
0.69	21.5444
0.7	21.5444
0.71	21.5444
0.72	21.5444
0.73	21.5444
0.74	21.5444
0.75	21.5444
0.76	21.5444
0.77	21.5444
0.78	21.5444
0.79	21.5444
0.8	21.5444
0.81	21.5444
0.82	21.5444
0.83	21.5444
0.84	21.5444
0.85	21.5444
0.86	21.5444
0.87	21.5444
0.88	21.5444
0.89	21.5443
0.9	21.5443
0.91	21.5443
0.92	21.5443
0.93	21.5443
0.94	21.5443
0.95	21.5443
0.96	21.5443
0.97	21.5443
0.98	21.5443
0.99	21.5443
1	21.5443
1.01	21.5443
1.02	21.5443
1.03	21.5443
1.04	21.5443
1.05	21.5443
1.06	21.5443
1.07	21.5443
1.08	21.5443
1.09	21.5443
1.1	21.5443
1.11	21.5443
1.12	21.5443
1.13	21.5443
1.14	21.5443
1.15	21.5443
1.16	21.5443
1.17	21.5443
1.18	21.5443
1.19	21.5443
1.2	21.5443
1.21	21.5443
1.22	21.5443
1.23	21.5443
1.24	21.5443
1.25	21.5443
1.26	21.5443
1.27	21.5443
1.28	21.5443
1.29	21.5443
1.3	21.5443
1.31	21.5443
1.32	21.5443
1.33	21.5443
1.34	21.5443
1.35	21.5443
1.36	21.5443
1.37	21.5443
1.38	21.5443
1.39	21.5443
1.4	21.5443
1.41	21.5443
1.42	21.5443
1.43	21.5443
1.44	21.5443
1.45	21.5443
1.46	21.5443
1.47	21.5443
1.48	21.5443
1.49	21.5443
1.5	21.5443
1.51	21.5443
1.52	21.5443
1.53	21.5443
1.54	21.5443
1.55	21.5443
1.56	21.5443
1.57	21.5443
1.58	21.5443
1.59	21.5443
1.6	21.5443
1.61	21.5443
1.62	21.5443
1.63	21.5443
1.64	21.5443
1.65	21.5443
1.66	21.5443
1.67	21.5443
1.68	21.5443
1.69	21.5443
1.7	21.5443
1.71	21.5443
1.72	21.5443
1.73	21.5443
1.74	21.5443
1.75	21.5443
1.76	21.5443
1.77	21.5443
1.78	21.5443
1.79	21.5443
1.8	21.5443
1.81	21.5443
1.82	21.5443
1.83	21.5443
1.84	21.5443
1.85	21.5443
1.86	21.5443
1.87	21.5443
1.88	21.5443
1.89	21.5443
1.9	21.5443
1.91	21.5443
1.92	21.5443
1.93	21.5443
1.94	21.5443
1.95	21.5443
1.96	21.5443
1.97	21.5443
1.98	21.5443
1.99	21.5443
2	21.5443
2.01	21.5443
2.02	21.5443
2.03	21.5443
2.04	21.5443
2.05	21.5443
2.06	21.5443
2.07	21.5443
2.08	21.5443
2.09	21.5443
2.1	21.5443
2.11	21.5443
2.12	21.5443
2.13	21.5443
2.14	21.5443
2.15	21.5443
2.16	21.5443
2.17	21.5443
2.18	21.5443
2.19	21.5443
2.2	21.5443
2.21	21.5443
2.22	21.5443
2.23	21.5443
2.24	21.5443
2.25	21.5443
2.26	21.5443
2.27	21.5443
2.28	21.5443
2.29	21.5443
2.3	21.5443
2.31	21.5443
2.32	21.5443
2.33	21.5443
2.34	21.5443
2.35	21.5443
2.36	21.5443
2.37	21.5443
2.38	21.5443
2.39	21.5443
2.4	21.5443
2.41	21.5443
2.42	21.5443
2.43	21.5443
2.44	21.5443
2.45	21.5443
2.46	21.5443
2.47	21.5443
2.48	21.5443
2.49	21.5443
2.5	21.5443
2.51	21.5443
2.52	21.5443
2.53	21.5443
2.54	21.5443
2.55	21.5443
2.56	21.5443
2.57	21.5443
2.58	21.5443
2.59	21.5443
2.6	21.5443
2.61	21.5443
2.62	21.5443
2.63	21.5443
2.64	21.5443
2.65	21.5443
2.66	21.5443
2.67	21.5443
2.68	21.5443
2.69	21.5443
2.7	21.5443
2.71	21.5443
2.72	21.5443
2.73	21.5443
2.74	21.5443
2.75	21.5443
2.76	21.5443
2.77	21.5443
2.78	21.5443
2.79	21.5443
2.8	21.5443
2.81	21.5443
2.82	21.5443
2.83	21.5443
2.84	21.5443
2.85	21.5443
2.86	21.5443
2.87	21.5443
2.88	21.5443
2.89	21.5443
2.9	21.5443
2.91	21.5443
2.92	21.5443
2.93	21.5443
2.94	21.5443
2.95	21.5443
2.96	21.5443
2.97	21.5443
2.98	21.5443
2.99	21.5443
3	21.5443
3.01	21.5443
3.02	21.5443
3.03	21.5443
3.04	21.5443
3.05	21.5443
3.06	21.5443
3.07	21.5443
3.08	21.5443
3.09	21.5443
3.1	21.5443
3.11	21.5443
3.12	21.5443
3.13	21.5443
3.14	21.5443
3.15	21.5443
3.16	21.5443
3.17	21.5443
3.18	21.5443
3.19	21.5443
3.2	21.5443
3.21	21.5443
3.22	21.5443
3.23	21.5443
3.24	21.5443
3.25	21.5443
3.26	21.5443
3.27	21.5443
3.28	21.5443
3.29	21.5443
3.3	21.5443
3.31	21.5443
3.32	21.5443
3.33	21.5443
3.34	21.5443
3.35	21.5443
3.36	21.5443
3.37	21.5443
3.38	21.5443
3.39	21.5443
3.4	21.5443
3.41	21.5443
3.42	21.5443
3.43	21.5443
3.44	21.5443
3.45	21.5443
3.46	21.5443
3.47	21.5443
3.48	21.5443
3.49	21.5443
3.5	21.5443
3.51	21.5443
3.52	21.5443
3.53	21.5443
3.54	21.5443
3.55	21.5443
3.56	21.5443
3.57	21.5443
3.58	21.5443
3.59	21.5443
3.6	21.5443
3.61	21.5443
3.62	21.5443
3.63	21.5443
3.64	21.5443
3.65	21.5443
3.66	21.5443
3.67	21.5443
3.68	21.5443
3.69	21.5443
3.7	21.5443
3.71	21.5443
3.72	21.5443
3.73	21.5443
3.74	21.5443
3.75	21.5443
3.76	21.5443
3.77	21.5443
3.78	21.5443
3.79	21.5443
3.8	21.5443
3.81	21.5443
3.82	21.5443
3.83	21.5443
3.84	21.5443
3.85	21.5443
3.86	21.5443
3.87	21.5443
3.88	21.5443
3.89	21.5443
3.9	21.5443
3.91	21.5443
3.92	21.5443
3.93	21.5443
3.94	21.5443
3.95	21.5443
3.96	21.5443
3.97	21.5443
3.98	21.5443
3.99	21.5443
4	21.5443
4.01	21.5443
4.02	21.5443
4.03	21.5443
4.04	21.5443
4.05	21.5443
4.06	21.5443
4.07	21.5443
4.08	21.5443
4.09	21.5443
4.1	21.5443
4.11	21.5443
4.12	21.5443
4.13	21.5443
4.14	21.5443
4.15	21.5443
4.16	21.5443
4.17	21.5443
4.18	21.5443
4.19	21.5443
4.2	21.5443
4.21	21.5443
4.22	21.5443
4.23	21.5443
4.24	21.5443
4.25	21.5443
4.26	21.5443
4.27	21.5443
4.28	21.5443
4.29	21.5443
4.3	21.5443
4.31	21.5443
4.32	21.5443
4.33	21.5443
4.34	21.5443
4.35	21.5443
4.36	21.5443
4.37	21.5443
4.38	21.5443
4.39	21.5443
4.4	21.5443
4.41	21.5443
4.42	21.5443
4.43	21.5443
4.44	21.5443
4.45	21.5443
4.46	21.5443
4.47	21.5443
4.48	21.5443
4.49	21.5443
4.5	21.5443
4.51	21.5443
4.52	21.5443
4.53	21.5443
4.54	21.5443
4.55	21.5443
4.56	21.5443
4.57	21.5443
4.58	21.5443
4.59	21.5443
4.6	21.5443
4.61	21.5443
4.62	21.5443
4.63	21.5443
4.64	21.5443
4.65	21.5443
4.66	21.5443
4.67	21.5443
4.68	21.5443
4.69	21.5443
4.7	21.5443
4.71	21.5443
4.72	21.5443
4.73	21.5443
4.74	21.5443
4.75	21.5443
4.76	21.5443
4.77	21.5443
4.78	21.5443
4.79	21.5443
4.8	21.5443
4.81	21.5443
4.82	21.5443
4.83	21.5443
4.84	21.5443
4.85	21.5443
4.86	21.5443
4.87	21.5443
4.88	21.5443
4.89	21.5443
4.9	21.5443
4.91	21.5443
4.92	21.5443
4.93	21.5443
4.94	21.5443
4.95	21.5443
4.96	21.5443
4.97	21.5443
4.98	21.5443
4.99	21.5443
5	21.5443
5.01	21.5443
5.02	21.5443
5.03	21.5443
5.04	21.5443
5.05	21.5443
5.06	21.5443
5.07	21.5443
5.08	21.5443
5.09	21.5443
5.1	21.5443
5.11	21.5443
5.12	21.5443
5.13	21.5443
5.14	21.5443
5.15	21.5443
5.16	21.5443
5.17	21.5443
5.18	21.5443
5.19	21.5443
5.2	21.5443
5.21	21.5443
5.22	21.5443
5.23	21.5443
5.24	21.5443
5.25	21.5443
5.26	21.5443
5.27	21.5443
5.28	21.5443
5.29	21.5443
5.3	21.5443
5.31	21.5443
5.32	21.5443
5.33	21.5443
5.34	21.5443
5.35	21.5443
5.36	21.5443
5.37	21.5443
5.38	21.5443
5.39	21.5443
5.4	21.5443
5.41	21.5443
5.42	21.5443
5.43	21.5443
5.44	21.5443
5.45	21.5443
5.46	21.5443
5.47	21.5443
5.48	21.5443
5.49	21.5443
5.5	21.5443
5.51	21.5443
5.52	21.5443
5.53	21.5443
5.54	21.5443
5.55	21.5443
5.56	21.5443
5.57	21.5443
5.58	21.5443
5.59	21.5443
5.6	21.5443
5.61	21.5443
5.62	21.5443
5.63	21.5443
5.64	21.5443
5.65	21.5443
5.66	21.5443
5.67	21.5443
5.68	21.5443
5.69	21.5443
5.7	21.5443
5.71	21.5443
5.72	21.5443
5.73	21.5443
5.74	21.5443
5.75	21.5443
5.76	21.5443
5.77	21.5443
5.78	21.5443
5.79	21.5443
5.8	21.5443
5.81	21.5443
5.82	21.5443
5.83	21.5443
5.84	21.5443
5.85	21.5443
5.86	21.5443
5.87	21.5443
5.88	21.5443
5.89	21.5443
5.9	21.5443
5.91	21.5443
5.92	21.5443
5.93	21.5443
5.94	21.5443
5.95	21.5443
5.96	21.5443
5.97	21.5443
5.98	21.5443
5.99	21.5443
6	21.5443
6.01	21.5443
6.02	21.5443
6.03	21.5443
6.04	21.5443
6.05	21.5443
6.06	21.5443
6.07	21.5443
6.08	21.5443
6.09	21.5443
6.1	21.5443
6.11	21.5443
6.12	21.5443
6.13	21.5443
6.14	21.5443
6.15	21.5443
6.16	21.5443
6.17	21.5443
6.18	21.5443
6.19	21.5443
6.2	21.5443
6.21	21.5443
6.22	21.5443
6.23	21.5443
6.24	21.5443
6.25	21.5443
6.26	21.5443
6.27	21.5443
6.28	21.5443
6.29	21.5443
6.3	21.5443
6.31	21.5443
6.32	21.5443
6.33	21.5443
6.34	21.5443
6.35	21.5443
6.36	21.5443
6.37	21.5443
6.38	21.5443
6.39	21.5443
6.4	21.5443
6.41	21.5443
6.42	21.5443
6.43	21.5443
6.44	21.5443
6.45	21.5443
6.46	21.5443
6.47	21.5443
6.48	21.5443
6.49	21.5443
6.5	21.5443
6.51	21.5443
6.52	21.5443
6.53	21.5443
6.54	21.5443
6.55	21.5443
6.56	21.5443
6.57	21.5443
6.58	21.5443
6.59	21.5443
6.6	21.5443
6.61	21.5443
6.62	21.5443
6.63	21.5443
6.64	21.5443
6.65	21.5443
6.66	21.5443
6.67	21.5443
6.68	21.5443
6.69	21.5443
6.7	21.5443
6.71	21.5443
6.72	21.5443
6.73	21.5443
6.74	21.5443
6.75	21.5443
6.76	21.5443
6.77	21.5443
6.78	21.5443
6.79	21.5443
6.8	21.5443
6.81	21.5443
6.82	21.5443
6.83	21.5443
6.84	21.5443
6.85	21.5443
6.86	21.5443
6.87	21.5443
6.88	21.5443
6.89	21.5443
6.9	21.5443
6.91	21.5443
6.92	21.5443
6.93	21.5443
6.94	21.5443
6.95	21.5443
6.96	21.5443
6.97	21.5443
6.98	21.5443
6.99	21.5443
7	21.5443
7.01	21.5443
7.02	21.5443
7.03	21.5443
7.04	21.5443
7.05	21.5443
7.06	21.5443
7.07	21.5443
7.08	21.5443
7.09	21.5443
7.1	21.5443
7.11	21.5443
7.12	21.5443
7.13	21.5443
7.14	21.5443
7.15	21.5443
7.16	21.5443
7.17	21.5443
7.18	21.5443
7.19	21.5443
7.2	21.5443
7.21	21.5443
7.22	21.5443
7.23	21.5443
7.24	21.5443
7.25	21.5443
7.26	21.5443
7.27	21.5443
7.28	21.5443
7.29	21.5443
7.3	21.5443
7.31	21.5443
7.32	21.5443
7.33	21.5443
7.34	21.5443
7.35	21.5443
7.36	21.5443
7.37	21.5443
7.38	21.5443
7.39	21.5443
7.4	21.5443
7.41	21.5443
7.42	21.5443
7.43	21.5443
7.44	21.5443
7.45	21.5443
7.46	21.5443
7.47	21.5443
7.48	21.5443
7.49	21.5443
7.5	21.5443
7.51	21.5443
7.52	21.5443
7.53	21.5443
7.54	21.5443
7.55	21.5443
7.56	21.5443
7.57	21.5443
7.58	21.5443
7.59	21.5443
7.6	21.5443
7.61	21.5443
7.62	21.5443
7.63	21.5443
7.64	21.5443
7.65	21.5443
7.66	21.5443
7.67	21.5443
7.68	21.5443
7.69	21.5443
7.7	21.5443
7.71	21.5443
7.72	21.5443
7.73	21.5443
7.74	21.5443
7.75	21.5443
7.76	21.5443
7.77	21.5443
7.78	21.5443
7.79	21.5443
7.8	21.5443
7.81	21.5443
7.82	21.5443
7.83	21.5443
7.84	21.5443
7.85	21.5443
7.86	21.5443
7.87	21.5443
7.88	21.5443
7.89	21.5443
7.9	21.5443
7.91	21.5443
7.92	21.5443
7.93	21.5443
7.94	21.5443
7.95	21.5443
7.96	21.5443
7.97	21.5443
7.98	21.5443
7.99	21.5443
8	21.5443
8.01	21.5443
8.02	21.5443
8.03	21.5443
8.04	21.5443
8.05	21.5443
8.06	21.5443
8.07	21.5443
8.08	21.5443
8.09	21.5443
8.1	21.5443
8.11	21.5443
8.12	21.5443
8.13	21.5443
8.14	21.5443
8.15	21.5443
8.16	21.5443
8.17	21.5443
8.18	21.5443
8.19	21.5443
8.2	21.5443
8.21	21.5443
8.22	21.5443
8.23	21.5443
8.24	21.5443
8.25	21.5443
8.26	21.5443
8.27	21.5443
8.28	21.5443
8.29	21.5443
8.3	21.5443
8.31	21.5443
8.32	21.5443
8.33	21.5443
8.34	21.5443
8.35	21.5443
8.36	21.5443
8.37	21.5443
8.38	21.5443
8.39	21.5443
8.4	21.5443
8.41	21.5443
8.42	21.5443
8.43	21.5443
8.44	21.5443
8.45	21.5443
8.46	21.5443
8.47	21.5443
8.48	21.5443
8.49	21.5443
8.5	21.5443
8.51	21.5443
8.52	21.5443
8.53	21.5443
8.54	21.5443
8.55	21.5443
8.56	21.5443
8.57	21.5443
8.58	21.5443
8.59	21.5443
8.6	21.5443
8.61	21.5443
8.62	21.5443
8.63	21.5443
8.64	21.5443
8.65	21.5443
8.66	21.5443
8.67	21.5443
8.68	21.5443
8.69	21.5443
8.7	21.5443
8.71	21.5443
8.72	21.5443
8.73	21.5443
8.74	21.5443
8.75	21.5443
8.76	21.5443
8.77	21.5443
8.78	21.5443
8.79	21.5443
8.8	21.5443
8.81	21.5443
8.82	21.5443
8.83	21.5443
8.84	21.5443
8.85	21.5443
8.86	21.5443
8.87	21.5443
8.88	21.5443
8.89	21.5443
8.9	21.5443
8.91	21.5443
8.92	21.5443
8.93	21.5443
8.94	21.5443
8.95	21.5443
8.96	21.5443
8.97	21.5443
8.98	21.5443
8.99	21.5443
9	21.5443
9.01	21.5443
9.02	21.5443
9.03	21.5443
9.04	21.5443
9.05	21.5443
9.06	21.5443
9.07	21.5443
9.08	21.5443
9.09	21.5443
9.1	21.5443
9.11	21.5443
9.12	21.5443
9.13	21.5443
9.14	21.5443
9.15	21.5443
9.16	21.5443
9.17	21.5443
9.18	21.5443
9.19	21.5443
9.2	21.5443
9.21	21.5443
9.22	21.5443
9.23	21.5443
9.24	21.5443
9.25	21.5443
9.26	21.5443
9.27	21.5443
9.28	21.5443
9.29	21.5443
9.3	21.5443
9.31	21.5443
9.32	21.5443
9.33	21.5443
9.34	21.5443
9.35	21.5443
9.36	21.5443
9.37	21.5443
9.38	21.5443
9.39	21.5443
9.4	21.5443
9.41	21.5443
9.42	21.5443
9.43	21.5443
9.44	21.5443
9.45	21.5443
9.46	21.5443
9.47	21.5443
9.48	21.5443
9.49	21.5443
9.5	21.5443
9.51	21.5443
9.52	21.5443
9.53	21.5443
9.54	21.5443
9.55	21.5443
9.56	21.5443
9.57	21.5443
9.58	21.5443
9.59	21.5443
9.6	21.5443
9.61	21.5443
9.62	21.5443
9.63	21.5443
9.64	21.5443
9.65	21.5443
9.66	21.5443
9.67	21.5443
9.68	21.5443
9.69	21.5443
9.7	21.5443
9.71	21.5443
9.72	21.5443
9.73	21.5443
9.74	21.5443
9.75	21.5443
9.76	21.5443
9.77	21.5443
9.78	21.5443
9.79	21.5443
9.8	21.5443
9.81	21.5443
9.82	21.5443
9.83	21.5443
9.84	21.5443
9.85	21.5443
9.86	21.5443
9.87	21.5443
9.88	21.5443
9.89	21.5443
9.9	21.5443
9.91	21.5443
9.92	21.5443
9.93	21.5443
9.94	21.5443
9.95	21.5443
9.96	21.5443
9.97	21.5443
9.98	21.5443
9.99	21.5443
10	21.5443
